opencv_frame_358_png.rf.b5ef3c45500d8c2dbfc2700c3ba031c4.jpg 206,64,258,130,3 277,53,354,150,3 156,115,221,194,3 82,224,146,288,3 294,203,351,315,3 211,248,255,307,3 79,39,154,100,3
opencv_frame_714_png.rf.b6ea7ab5fd72dcaf516036ba936e0647.jpg 86,133,142,185,5 266,164,314,230,5 169,173,217,226,5 231,224,262,298,2 184,249,218,316,2
opencv_frame_253_png.rf.b74e9a387674d17e48bc2489852d912e.jpg 187,44,252,163,6 123,79,178,172,6 17,137,145,234,0 252,184,302,249,3 205,195,244,276,3 195,0,265,56,1 134,241,202,331,0 274,262,336,341,8 222,272,272,366,8 33,282,137,374,0 155,329,210,415,7 63,19,132,114,1
opencv_frame_354_png.rf.b8b0ec95a425b93800b81fed90f3a1f9.jpg 196,47,246,128,3 288,103,340,192,3 86,114,150,182,3 126,188,188,231,3 225,179,274,243,3 295,213,354,285,3 78,228,133,283,3 152,240,200,300,3 211,247,252,327,3 115,28,166,96,3 260,48,308,114,3
opencv_frame_293_png.rf.b95d2dc63b46bd2c826a8ee48aeaeb05.jpg 127,49,191,142,0 284,74,362,155,1 352,109,415,185,6 115,163,163,245,3 146,171,209,237,0 247,170,293,240,7 317,170,384,247,8 216,235,268,314,8 133,253,165,316,3 148,251,215,318,0 279,0,340,65,1 359,0,415,96,6 207,3,267,106,1
opencv_frame_723_png.rf.ba2698cd87960acd82ff2c6a944ec05f.jpg 234,137,269,178,5 92,140,125,186,8 176,182,209,223,5 238,201,281,246,8 213,212,244,262,5 128,218,174,258,5
opencv_frame_350_png.rf.ba3347d2a64545098e636b926265b058.jpg 265,66,319,147,3 306,120,352,192,3 82,137,132,204,3 154,153,198,223,3 228,178,274,231,3 203,224,244,277,3 292,221,362,289,3 91,230,138,288,3 153,235,198,295,3 245,250,295,319,3 210,268,251,332,3 67,30,128,90,3 200,31,247,106,3
opencv_frame_156_png.rf.ba535f9cb8883a81111a950e5f9d027b.jpg 26,51,139,163,7 240,72,288,144,3 200,97,245,165,3 155,114,207,179,3 292,109,367,188,1 100,139,164,200,3 235,133,300,213,1 185,171,243,231,1 294,197,392,252,6 239,213,315,288,6 308,247,368,310,8 196,234,253,328,6 260,273,324,348,8 128,262,191,367,6 64,304,126,396,6 13,324,63,410,6 223,2,272,87,7 161,0,215,116,7 93,17,163,122,7
opencv_frame_345_png.rf.bcd8a2ccc5604eabd4925a212b78f00f.jpg 187,63,235,126,3 236,117,281,180,3 302,126,356,198,3 164,161,221,225,3 220,206,267,264,3 291,218,355,288,3 146,242,194,307,3
opencv_frame_662_png.rf.bddbcbd75963c89ddc3d54c82d6448f1.jpg 148,57,186,109,8 105,63,145,110,2 188,59,222,121,3 79,72,108,113,5 277,70,319,120,0 316,75,364,125,1 230,78,266,172,4 115,108,148,153,2 150,112,190,160,8 85,118,112,156,5 271,128,308,175,0 88,155,124,203,5 153,167,196,213,8 89,207,132,258,5 225,0,257,74,4 262,5,307,71,0 308,19,355,70,1
opencv_frame_317_png.rf.be3b805447226fb1e676b9d49efd84c0.jpg 44,67,96,129,3 111,63,177,138,8 0,94,68,173,1 182,108,231,181,8 270,114,335,176,1 103,145,174,205,1 313,158,415,222,6 206,167,254,215,7 125,0,181,40,7 84,181,137,247,3 232,202,319,294,6 317,228,374,320,8 184,245,226,320,8 84,273,123,329,3 115,270,168,347,0 226,2,281,62,8 335,0,415,79,6 263,6,323,77,0 176,37,227,105,7
opencv_frame_440_png.rf.c2bd6530e0abd958382bdba424a7f1e6.jpg 238,99,309,178,8 68,174,176,231,8 282,177,336,263,8 215,210,259,284,8 111,220,198,290,8 295,0,384,89,8
opencv_frame_686_png.rf.be907028c10b02e2047d8c80d1275c64.jpg 274,58,321,142,3 104,248,152,304,3
opencv_frame_391_png.rf.c06abdf462dbfbca74e498c057437f04.jpg 257,93,322,198,0 40,155,199,245,0 304,208,410,306,1 83,253,195,372,1 357,29,416,128,0
opencv_frame_245_png.rf.c22f9984fca4bbd047e8cdc7d8e6f696.jpg 202,48,248,170,6 115,89,191,187,6 253,187,297,255,3 194,0,255,46,1 202,206,248,274,3 277,259,342,337,8 211,282,286,380,8 146,316,213,415,7 37,11,137,125,1
opencv_frame_223_png.rf.c532a6cb8cd02c59fce1596a0f7a0495.jpg 275,57,349,152,1 38,75,131,172,6 191,155,243,239,3 273,186,400,248,6 97,186,159,261,3 257,244,326,340,8 194,242,256,393,1 106,314,170,415,8 131,0,196,77,7
opencv_frame_267_png.rf.c03085c53ec8a8b0cc6951ef064567e5.jpg 229,137,286,203,7
opencv_frame_744_png.rf.ca49496a6515e334903ecbd6d1c8f85e.jpg 178,31,237,152,4 36,97,164,199,4 231,207,267,260,4 262,242,302,299,8 108,246,167,314,8
opencv_frame_699_png.rf.c912b78776290f50291557b75ebb8a46.jpg 274,74,325,129,2 227,151,260,191,2 277,156,332,202,2 134,188,181,222,3 268,227,305,278,3 195,244,235,289,3 103,262,148,309,3
opencv_frame_425_png.rf.c5bba1ac40847cec6ca108e263cf94bd.jpg 196,50,245,158,7 156,59,205,164,7 74,120,170,205,7 301,174,404,253,7 253,200,315,283,7 97,228,190,325,7 181,0,234,66,7 258,0,310,89,7 304,20,390,133,7 27,32,131,122,7
opencv_frame_415_png.rf.c42ed2fa94237fb008c57a48e36c8571.jpg 278,57,360,144,7 156,158,224,235,7 197,11,252,152,7
opencv_frame_334_png.rf.b7dfde648672561c6bda35a87a6a7fd9.jpg 88,27,232,184,6 226,210,297,368,6 249,0,317,151,6
opencv_frame_790_png.rf.cb1c4bac66523194532eac098799d779.jpg 207,109,248,179,1 136,186,187,225,1 188,220,221,265,1 77,255,151,342,1
opencv_frame_398_png.rf.cd62a4b4be3f581aa6348ce43c5ee03b.jpg 238,42,294,172,0 61,162,163,233,0 221,212,276,311,0 273,0,354,60,0 143,0,220,82,0 323,24,416,121,0 58,16,147,133,0
opencv_frame_695_png.rf.cddccaca128719c35a2066c38581757d.jpg 92,97,143,150,3 229,151,265,196,2 286,160,322,210,3 135,178,185,223,3 267,230,308,285,3 193,240,233,291,3 101,256,147,309,3
opencv_frame_664_png.rf.ce29c46122b006d10c81d297af335b46.jpg 105,68,141,108,2 185,64,221,114,3 78,73,110,112,5 276,71,314,128,0 314,77,365,132,1 233,75,261,155,4 113,109,151,156,2 154,107,188,163,8 81,119,119,155,5 264,126,307,181,0 84,152,126,193,5 157,168,193,212,8 89,207,135,254,5 269,1,305,72,0 232,0,265,78,4 311,15,360,75,1
opencv_frame_689_png.rf.ceb4a364ffdd6253f15d2c1f33673628.jpg 226,106,269,153,3 87,142,145,188,3 280,159,327,205,3 181,236,221,275,3 105,254,149,304,3
opencv_frame_770_png.rf.cefcb95f21aacb24c34af9b7df39e95b.jpg 205,27,264,121,1 66,72,137,155,1 281,97,364,158,0 241,117,278,185,1 164,125,211,190,1 281,157,364,218,0 221,192,276,253,0 149,219,204,280,0
opencv_frame_157_png.rf.ceff03f80f020e9f7e153636c82b9d3c.jpg 28,51,139,162,7 241,78,289,150,3 200,95,241,165,3 156,114,207,190,3 285,112,374,199,1 110,135,170,200,3 234,141,297,224,1 182,168,241,235,1 282,186,393,248,6 237,213,320,291,6 196,230,254,330,6 307,242,372,322,8 127,240,201,373,6 258,272,323,345,8 61,254,134,400,6 8,300,66,405,6 222,0,266,121,7 164,0,218,137,7 102,12,176,147,7
opencv_frame_438_png.rf.cfa6d11ca9dc63a40b06fd62926e73e7.jpg 106,50,174,136,8 252,99,302,165,8 62,171,135,235,8 275,174,324,248,8 213,219,267,289,8 106,223,180,302,8 187,2,252,94,8
opencv_frame_672_png.rf.d04dea09efe476517d8aa2a0e16bec09.jpg 149,54,185,99,8 191,59,225,120,3 79,70,115,114,5 266,69,316,124,0 315,64,366,130,1 112,104,151,155,2 79,115,113,151,5 255,124,312,172,0 86,158,126,202,5 91,203,135,254,5
opencv_frame_281_png.rf.d1a94aba23ce7f44070403d15637e1b8.jpg 222,62,277,171,1 159,87,209,170,1 286,120,350,197,7 347,147,415,234,8 165,175,250,234,1 188,254,256,323,0 236,0,293,60,6 169,0,227,61,6 265,261,332,363,0 338,251,415,387,0 267,327,330,400,3 367,342,416,415,3 106,4,187,75,6 296,0,350,109,8
opencv_frame_730_png.rf.cf7b7fc0315410465e6a276487ec625e.jpg 278,57,322,105,8 80,132,130,184,8 178,182,222,224,8 180,218,218,260,5 247,229,300,302,8
opencv_frame_776_png.rf.d20053b6b5f9318ec696d86184bf4a99.jpg 188,31,256,108,1 71,76,159,148,1 287,86,362,166,0 236,119,281,181,1 52,142,135,221,0 278,179,350,250,1 219,197,271,260,0 67,270,153,355,1
opencv_frame_192_png.rf.d2224a6b3aaf0922fa0d8bb7281be366.jpg 4,56,123,155,1 213,103,265,199,7 152,119,214,194,3 45,159,155,225,7 228,192,282,256,8 286,202,416,260,6 54,233,134,321,8 133,235,210,328,1 258,251,334,335,8 209,287,262,415,1 126,335,178,403,3 256,0,324,109,6 96,0,183,116,6
opencv_frame_247_png.rf.d29da9dd1a224afcbe6d6ceed0d07b94.jpg 198,45,252,166,6 120,84,178,179,6 12,136,121,231,0 247,191,291,242,3 211,204,251,267,3 200,0,256,55,1 137,228,195,333,0 270,252,338,343,8 58,253,139,370,0 226,280,278,374,8 159,336,205,415,7 58,15,144,94,1
opencv_frame_408_png.rf.d3f106210a6f82fa681056af9f12314c.jpg 57,212,189,308,0 271,194,404,364,0 230,219,300,349,0 242,0,310,96,0
opencv_frame_332_png.rf.d41cea498794ebe5dad3a8c6e87dbe19.jpg 282,163,415,228,6 29,211,187,315,6 223,222,289,354,6 57,0,165,111,6 264,0,329,129,6
opencv_frame_632_png.rf.d505bebb711077427af30733984bccec.jpg 271,69,311,119,1 110,76,139,115,3 227,72,258,123,0 80,82,110,120,5 184,85,214,135,2 145,112,178,153,8 120,120,149,159,5 270,119,315,166,1 84,126,114,163,3 223,130,257,174,0 178,144,210,188,8 145,155,177,195,2 121,165,151,204,5 88,165,119,205,5 273,171,321,211,1 326,179,382,215,4 236,187,271,228,0 190,194,219,231,2 158,201,186,242,8 95,209,126,241,3 128,209,158,243,3 276,216,323,257,1 329,225,383,268,4 194,231,223,271,8 98,247,130,279,5 134,244,163,281,3 159,247,191,289,2 281,256,325,307,1 228,254,265,323,0 199,268,228,322,2 272,0,318,60,4 139,283,171,321,3 105,285,134,321,5
opencv_frame_311_png.rf.d517f36408df2e2460024493b3ae4d52.jpg 192,126,249,189,6 15,127,102,208,1 267,140,348,216,1 124,173,184,230,1 333,161,415,245,6 92,217,154,261,3 226,213,281,279,7 314,263,392,333,8 186,264,257,365,8 98,295,132,362,3 121,279,181,391,0 174,0,242,89,0 260,0,311,89,0 335,31,415,122,6
opencv_frame_324_png.rf.d5d636d53f410688f36269eb7b6317e4.jpg 293,198,413,320,6 232,218,305,336,6 10,265,157,337,6 300,0,369,96,6 30,4,136,139,6
opencv_frame_265_png.rf.d6517807f404d5d9961aeff27da61299.jpg 205,44,252,165,6 122,87,187,191,6 8,133,131,234,0 251,190,294,250,3 209,203,250,273,3 133,228,196,333,0 275,259,339,334,8 38,264,129,372,0 225,285,282,367,8 150,329,213,415,7 60,15,146,144,1
opencv_frame_230_png.rf.d67d387863d811bd243ae05be5844915.jpg 196,44,243,151,3 262,54,352,172,1 5,92,137,197,6 269,188,402,255,6 160,222,216,279,7 260,247,325,340,8 217,269,272,370,8 79,0,176,116,1
opencv_frame_330_png.rf.d75057f6ccba6badf45cc130706cf64c.jpg 297,54,368,162,6 158,175,226,230,6 286,202,415,329,6 193,0,254,109,6 75,0,187,119,6
opencv_frame_670_png.rf.d761a235f36dee9e2d68c47cadad6765.jpg 226,1,262,117,4 148,48,187,104,8 189,56,223,120,3 106,69,146,109,2 77,71,111,112,5 272,63,318,123,0 323,65,366,122,1 109,107,157,157,2 81,115,112,155,5 267,130,313,184,0 89,153,124,197,5 93,201,128,251,5
opencv_frame_236_png.rf.d7dd799bdd79d44f9a345506fa2b0b5f.jpg 203,38,257,165,6 112,88,192,180,6 246,186,301,245,3 159,0,219,44,1 203,205,246,265,3 261,246,337,330,8 218,271,281,367,8 141,324,208,415,7 61,0,168,90,1
opencv_frame_657_png.rf.d8472e4768a74ff5e1d8754d297cdac1.jpg 262,70,302,135,0 307,78,364,139,1 107,89,138,130,5 180,82,219,138,3 132,100,168,152,2 260,141,310,191,0 186,155,220,197,5 87,180,118,222,5 187,196,222,230,2 157,200,187,240,8 111,201,153,242,8 290,208,388,274,4 193,231,225,271,8 89,239,135,287,5 233,246,284,336,4 302,6,353,74,1 255,13,302,73,0
opencv_frame_202_png.rf.d8a39c9e0f94b3c9da4aa2724288c3cc.jpg 10,55,104,158,1 253,72,357,165,1 158,117,212,180,3 45,160,165,224,7 199,174,255,233,8 269,192,399,249,6 85,235,161,293,3 252,240,325,324,8 159,244,207,362,6 211,269,271,415,1 127,339,194,415,8 89,0,178,119,6 229,24,268,145,7
opencv_frame_778_png.rf.d9d0a79226b2fbf642deaee5c114480d.jpg 214,30,253,113,1 285,106,346,158,0 232,122,275,177,1 272,184,343,235,1 222,198,270,251,0 74,255,150,341,1
opencv_frame_668_png.rf.da521060e75473e5fc43b6d3b9d0cb84.jpg 106,66,145,107,2 185,65,221,120,3 76,74,110,113,5 270,64,316,127,0 314,73,367,131,1 114,104,149,154,2 152,103,190,162,8 84,119,112,153,5 263,129,309,179,0 86,156,122,198,5 153,164,195,217,8 91,204,128,250,5 229,0,265,106,4
opencv_frame_629_png.rf.dab95245345118a6e199f7507b9b44cc.jpg 315,51,367,110,4 270,68,313,119,1 225,72,258,122,0 110,79,140,118,3 80,82,108,123,5 185,87,215,132,2 145,108,179,153,8 321,114,379,164,4 121,122,148,162,5 272,119,314,166,1 82,122,117,165,3 226,128,255,173,0 180,141,209,187,8 145,155,178,195,2 87,168,122,202,5 120,167,152,205,5 275,171,318,212,1 327,177,385,214,4 235,184,273,225,0 191,194,218,229,2 157,202,189,245,8 95,208,127,246,3 129,209,159,245,3 277,223,325,254,1 191,231,223,267,8 333,224,385,277,4 97,250,131,279,5 133,247,161,282,3 158,248,189,284,2 278,256,327,306,1 229,260,267,325,0 196,274,228,312,2 103,282,136,321,5 137,287,174,317,3
opencv_frame_364_png.rf.d8442e59e4dfc7e9f1918b2d80f663e2.jpg 298,205,358,292,3 85,222,144,276,3 176,225,203,301,3 203,231,255,305,3
opencv_frame_211_png.rf.dc35a8f8ab533b9d0f9bf11286474dfb.jpg 274,58,350,147,1 156,135,217,200,8 4,152,152,238,1 217,191,261,255,3 261,187,390,261,6 82,235,136,305,3 262,256,333,332,8 159,251,211,363,6 207,282,276,415,1 141,348,199,415,8 142,1,202,126,7 220,0,264,135,6 29,32,114,137,7
opencv_frame_315_png.rf.ddae0e20fb8b8c858c04cc3277f21725.jpg 178,113,230,168,8 263,102,337,185,1 1,110,77,194,1 110,139,179,218,1 335,155,415,214,6 208,173,255,221,7 76,188,135,244,3 254,216,319,308,6 316,233,380,330,8 183,238,239,330,8 288,0,353,59,0 112,262,164,352,0 212,0,268,76,8 171,0,224,83,7 86,0,167,91,0 338,3,408,92,6 31,13,96,101,7
opencv_frame_257_png.rf.de27a7394dcd94db1699ea82c19050b1.jpg 192,50,248,165,6 119,88,187,179,6 0,137,111,224,0 191,0,264,44,1 249,185,303,250,3 205,215,251,269,3 270,258,338,337,8 223,283,274,366,8 44,288,135,378,0 157,332,217,415,7 52,12,133,130,1
opencv_frame_741_png.rf.de798a6cff82c2aec4c5c012c2e130ca.jpg 184,63,239,161,4 40,104,143,188,4 178,177,221,244,8 261,233,304,299,8 117,246,161,314,8
opencv_frame_743_png.rf.e164a2de41a1a7c4d9f3f22121624579.jpg 164,80,213,151,8 42,109,151,187,4 227,201,272,262,4 262,246,312,309,8 112,252,164,307,8
opencv_frame_432_png.rf.e1cf8a4f845e4b7218166afa72fee10d.jpg 90,220,166,281,8 208,220,265,297,8 297,27,364,126,8 154,42,221,124,8
opencv_frame_353_png.rf.e1ff3ad141b08482dbecfd086ae7c5a6.jpg 287,111,339,179,3 89,116,141,180,3 213,142,264,200,3 124,180,187,246,3 232,187,281,252,3 88,218,138,284,3 302,215,357,290,3 147,246,201,309,3 212,233,252,330,3 123,35,180,101,3 266,45,307,109,3 195,43,254,111,3
opencv_frame_720_png.rf.e47be44a6d73ddf3fa53a669c9f78cd1.jpg 230,104,265,158,8 90,131,132,184,5 173,173,212,223,5 276,179,318,226,5 210,211,246,264,5 130,215,165,261,5
opencv_frame_650_png.rf.e5d22934bd184336595f8949ba120d45.jpg 216,17,256,104,0 259,36,300,119,1 82,84,107,123,5 110,91,144,138,5 83,126,126,168,3 223,125,262,175,0 179,143,207,186,8 146,155,174,190,2 87,166,125,206,5 270,172,319,207,1 323,178,381,210,4 231,187,271,226,0 194,194,221,230,2 156,204,190,243,8 281,213,381,269,4 193,228,222,272,8 99,241,131,277,5 139,246,173,283,5 226,252,266,326,0
opencv_frame_751_png.rf.e5d835e5dad43bca17a15e7c965a9260.jpg 118,29,189,138,4 282,71,362,160,0 47,159,167,224,4 223,202,270,260,4 270,209,354,285,4 157,238,203,332,4
opencv_frame_182_png.rf.e64a17664e2a1f2f8ca4d89bb9329aaf.jpg 131,66,198,165,8 230,85,286,147,3 53,101,123,161,3 261,114,375,195,1 200,130,249,205,6 28,158,176,227,1 223,180,291,252,6 288,189,395,252,6 108,219,173,290,8 16,242,112,308,7 248,252,330,342,8 140,275,209,367,8 38,311,140,415,1 216,0,266,88,7
opencv_frame_329_png.rf.e7ada38beed4f8e1befcb58b5743bc57.jpg 272,77,378,175,6 48,106,148,184,6 164,171,231,236,6 59,4,163,99,6 193,0,257,116,6
opencv_frame_794_png.rf.e84df6f2e854fddbaf0189d6a6740473.jpg 114,69,176,152,1 232,76,288,159,1 121,198,181,236,1
opencv_frame_195_png.rf.e8dec0d47e90eba5c49f7663a7ed58d6.jpg 7,49,111,163,1 266,65,342,164,1 157,114,209,185,3 48,155,162,226,7 205,170,252,238,8 261,187,408,258,6 50,232,150,313,8 167,220,214,364,6 265,252,330,336,8 208,274,274,415,1 115,325,176,401,3 93,0,187,106,6 228,9,271,164,7
opencv_frame_738_png.rf.e8df197424c6b82594b894edc0bfc623.jpg 185,70,236,150,4 79,131,134,201,8 261,145,311,205,8 173,186,226,233,8 259,250,311,302,8 116,259,160,308,8
opencv_frame_692_png.rf.e91a033d6b45cf834cb2261b301456e2.jpg 93,94,140,148,3 194,146,229,182,3 272,161,323,213,3 139,185,180,223,3 260,229,306,280,3 193,238,231,289,3
opencv_frame_203_png.rf.e9220bc473dd690e80e0981aca23b45d.jpg 5,51,100,161,1 258,63,339,168,1 154,116,208,180,3 49,165,151,230,7 195,177,259,235,8 268,189,389,261,6 94,233,152,297,3 265,259,328,330,8 168,237,204,362,6 208,271,265,415,1 137,346,195,413,8 83,0,174,101,6 230,21,274,114,7
opencv_frame_215_png.rf.e9a38c8df8ba6c2db379a6713b7ee476.jpg 30,56,125,141,7 247,65,342,166,1 162,101,227,169,3 8,153,137,228,6 155,158,229,228,1 232,186,282,252,3 285,195,402,257,6 257,248,332,329,8 156,245,215,367,6 211,305,276,415,1 124,322,204,415,8 143,4,201,103,7 215,13,292,94,8
opencv_frame_749_png.rf.ea61a3e6ae2ff84a13285a41ffa59227.jpg 263,7,331,119,4 170,104,208,171,4 43,106,149,189,4 227,204,275,269,4 280,203,356,286,4 153,248,201,341,4
opencv_frame_382_png.rf.eac8a907d8d6baabe238a04ca4ecefef.jpg 259,64,328,161,1 335,95,414,180,1 150,117,209,187,1 48,151,148,224,0 176,196,241,274,1 306,203,402,321,1 70,279,149,334,1 238,0,308,69,0 138,0,226,73,1
opencv_frame_395_png.rf.ee6282697d9583e21b93f7ceece8b2c4.jpg 310,22,416,153,0 232,46,305,171,0 44,151,182,240,0 212,203,281,311,0 121,0,215,64,0
opencv_frame_179_png.rf.f0617d814c16719226778813b2a22a55.jpg 132,70,203,166,8 241,88,284,158,3 42,98,137,162,3 289,96,382,194,1 204,126,247,206,6 21,145,127,230,1 261,186,405,263,6 191,202,242,284,8 112,222,180,295,8 253,238,377,333,6 14,252,117,323,7 222,277,292,368,8 122,319,203,415,1 213,0,281,102,7
opencv_frame_178_png.rf.f1d1c0c2aceeb7c6d81c963df425a19c.jpg 130,72,197,168,8 49,89,125,161,3 240,83,284,168,3 283,105,377,187,1 200,132,250,207,6 18,153,176,241,1 260,191,399,262,6 180,205,245,278,8 109,219,171,298,8 12,252,118,317,7 254,233,384,335,6 221,270,286,359,8 137,324,204,415,1 220,0,264,123,7
opencv_frame_335_png.rf.f1e758266ee1d5f41f149743a33f93fd.jpg 90,10,237,204,6 275,155,415,238,6 221,238,300,363,6 251,0,334,137,6
opencv_frame_789_png.rf.f43bd502bdb217b1e8c3dc99c9b2b62f.jpg 208,106,246,179,1 134,184,183,223,1 188,217,219,268,1 78,252,153,347,1
opencv_frame_679_png.rf.f524e9ce5eccbd3c4c44203e03ed4087.jpg 281,69,372,145,1 112,93,157,149,2 89,148,131,194,5 84,201,148,240,5
opencv_frame_158_png.rf.f8355c09fb48faad3342547d01fd41dc.jpg 23,42,133,176,7 238,72,287,152,3 200,100,241,172,3 160,117,212,184,3 288,102,364,207,1 100,136,170,205,3 231,139,298,227,1 184,166,245,240,1 273,182,394,266,6 237,205,311,297,6 192,234,255,326,6 311,248,368,328,8 128,234,204,383,6 252,272,329,353,8 59,295,128,400,6 11,314,61,406,6 222,0,258,120,7 163,2,220,127,7 89,14,177,147,7
opencv_frame_643_png.rf.f3c206b4e741ad182b48440f08ffdec5.jpg 214,18,256,109,0 260,36,303,105,1 106,79,140,113,3 80,76,108,122,5 146,110,180,153,8 119,122,148,155,5 82,122,115,161,3 226,125,263,182,0 178,144,212,183,8 144,156,177,199,2 83,166,118,199,5 119,166,151,210,5 274,175,320,209,1 323,180,383,213,4 228,186,268,230,0 188,191,219,226,2 156,202,185,242,8 275,217,323,257,1 327,224,382,275,4 191,233,221,266,8 96,242,140,282,5 158,252,193,288,2 228,255,266,325,0 198,275,227,312,2
opencv_frame_290_png.rf.f8906b0a83effbf99b69f4b40bf3318f.jpg 131,51,197,154,0 284,79,358,163,1 337,115,415,174,6 140,165,207,241,0 111,177,162,235,3 232,173,288,242,7 303,173,389,259,8 214,239,274,317,8 152,243,213,327,0 117,257,164,319,3 283,0,332,77,1 355,2,415,105,6 201,0,262,119,1
opencv_frame_447_png.rf.f9d4504e6bf44a48636a5204d9a006eb.jpg 200,201,257,286,8
opencv_frame_243_png.rf.fb21e93765f11e1defeca2a90cf85c2a.jpg 203,45,258,163,6 115,93,191,178,6 255,193,298,257,3 206,213,253,272,3 279,270,335,338,8 222,279,276,356,8 182,0,261,69,1 152,315,201,415,7 32,9,147,104,1
opencv_frame_654_png.rf.fb23d57d0b5339c97dfc91d0a602b70a.jpg 219,14,260,107,0 263,26,307,107,1 165,81,205,131,3 112,89,139,128,5 134,102,170,148,2 223,122,274,174,0 191,151,217,193,5 275,160,319,217,1 320,171,387,220,4 87,180,118,223,5 231,183,271,233,0 190,197,222,227,2 110,200,146,239,8 156,202,191,244,8 315,220,403,284,4 186,229,232,276,8 93,244,136,286,5
opencv_frame_336_png.rf.fb9ad8b45623bb49d4753e73cd7480ec.jpg 157,96,211,186,6 283,164,415,243,6 223,228,291,354,6
opencv_frame_219_png.rf.fd5fac18aa89959b75c8cab0d5a0e6de.jpg 267,71,360,161,1 159,105,210,162,3 160,157,223,225,1 12,150,157,236,6 232,187,272,239,3 294,178,393,257,6 256,254,328,336,8 144,237,211,372,6 208,290,269,415,1 219,0,273,104,8 133,5,204,103,7
opencv_frame_376_png.rf.fd75236734aa2572166245023cac782c.jpg 235,55,288,189,1 147,57,221,189,1 308,101,415,195,1 31,130,136,197,1 90,210,190,273,1 302,209,393,334,1 230,215,305,342,1 279,0,359,75,1 42,0,143,95,1
opencv_frame_624_png.rf.fd94c880c1e4b272f1f06e4089ae3d64.jpg 311,44,381,106,4 265,60,314,121,1 110,77,144,120,3 219,65,265,134,0 185,76,216,133,2 73,88,111,125,5 322,107,402,162,4 148,112,184,160,8 117,120,147,162,5 266,114,317,170,1 84,125,118,165,3 221,129,266,179,0 188,148,220,192,2 148,156,181,203,8 86,162,120,201,5 121,161,152,208,5 275,169,323,209,1 228,172,273,216,0 319,169,398,219,4 193,195,222,229,2 157,205,185,240,8 93,207,126,242,3 126,207,161,243,3 271,208,329,259,1 227,213,263,265,0 324,217,393,266,4 193,234,233,272,2 135,242,162,282,3 97,244,133,281,5 158,241,194,285,8 272,253,326,310,1 196,269,232,313,2 139,282,169,319,3 101,284,137,320,5 321,273,388,334,4 162,282,196,328,8
opencv_frame_649_png.rf.fefe55b710fe3ee1f59cdd27b412a12b.jpg 219,15,257,101,0 257,33,301,112,1 81,87,111,119,5 149,114,178,151,8 117,116,145,161,5 83,127,118,162,3 226,126,260,175,0 177,144,211,184,8 143,158,175,192,2 88,167,120,206,5 122,171,151,204,5 269,173,318,209,1 320,174,380,213,4 229,187,266,226,0 189,195,221,227,2 155,205,187,241,8 284,217,387,268,4 190,231,221,267,8 99,242,137,278,5 229,252,264,326,0
opencv_frame_341_png.rf.ffd4b2d3ab225b515cfa0ccd8fc7039c.jpg 189,60,260,144,3 165,160,212,226,3 215,204,271,261,3
opencv_frame_221_png.rf.01d09abea1820284ae380a81fb220132.jpg 252,73,346,165,1 29,67,130,173,6 166,106,221,157,3 167,157,220,229,1 233,185,282,243,3 288,185,409,256,6 255,252,326,333,8 216,1,278,89,8 131,0,200,95,7
opencv_frame_369_png.rf.028e37f9d9f42532901bbee5b2d686e0.jpg 138,16,218,177,1 318,74,415,190,1 231,162,294,255,1 88,207,161,277,1
opencv_frame_199_png.rf.02c1c89743493a6fc4407132ccb8c84d.jpg 7,57,108,158,1 275,70,369,160,1 158,112,211,190,3 55,168,169,226,7 187,163,252,231,8 264,194,398,259,6 56,229,131,312,8 258,238,335,337,8 169,231,213,369,6 205,297,273,415,1 119,328,176,403,3 92,0,180,94,6 227,5,273,162,7
opencv_frame_660_png.rf.03f883db629f24033423787a9498cbaf.jpg 104,64,139,108,2 170,59,212,115,3 80,75,111,115,5 272,67,322,130,0 322,74,361,127,1 225,78,267,164,4 84,116,113,158,5 114,113,174,166,2 266,124,309,187,0 88,154,122,196,5 112,200,147,246,8 160,207,195,252,8 190,226,230,270,8 89,235,130,288,5 226,0,263,57,4 266,9,310,70,0 310,21,359,71,1
opencv_frame_702_png.rf.05dc9fd498a67a705b4d5b359a6e30ce.jpg 259,75,332,131,2 268,150,335,198,2 225,149,261,201,2 87,189,156,232,2 262,220,311,279,3 227,235,265,297,2 100,253,154,305,3
opencv_frame_652_png.rf.068f95384adfb733641a87605d036fb5.jpg 219,19,255,108,0 258,35,299,111,1 171,79,203,134,3 82,87,119,136,5 129,98,164,150,2 226,122,260,180,0 192,156,217,191,5 91,165,124,199,5 269,175,318,207,1 323,178,381,213,4 228,193,268,221,0 190,194,216,226,2 109,201,145,234,8 159,203,191,242,8 280,213,379,269,4 193,229,220,274,8 139,244,175,278,5 96,246,132,278,5 228,253,264,324,0
opencv_frame_785_png.rf.06c780907a2af1677d16126d0cd8d365.jpg 211,99,256,173,1 93,109,166,175,1 137,179,188,230,1 264,181,345,232,1 188,220,223,270,1 79,255,151,341,1
opencv_frame_268_png.rf.077a81d53774c466da3f089454ceb804.jpg 244,134,288,207,7
opencv_frame_180_png.rf.086ba7b4075d92644abee38dda863cc1.jpg 232,79,285,143,3 128,69,190,161,8 45,100,121,155,3 259,122,376,202,1 194,128,246,210,6 25,148,171,227,1 273,200,404,264,6 181,199,242,279,8 109,220,180,296,8 9,237,112,320,7 289,260,382,349,6 231,275,285,367,8 134,287,207,415,1 217,0,267,83,7
opencv_frame_373_png.rf.098ac4570ff3970adec18112aa8f5ab8.jpg 235,51,287,169,1 323,107,404,199,1 42,123,144,201,1 94,211,191,269,1 302,215,416,312,1 230,224,301,321,1
opencv_frame_793_png.rf.0a8ea0f72c53da3618dbccb2082e3793.jpg 232,77,286,157,1 189,217,218,265,1 76,253,153,346,1
opencv_frame_295_png.rf.0aae8ff766c935e0ec5f7d7d1694cdcf.jpg 120,50,200,152,0 292,68,368,147,1 355,122,415,173,6 122,173,156,227,3 149,181,211,232,0 242,182,288,237,7 320,171,395,251,8 216,241,268,315,8 127,251,163,316,3 158,252,198,325,0 270,0,337,87,1 346,0,415,103,1 207,0,263,130,1
opencv_frame_399_png.rf.0e9f89e2c403d931513d7257ad467465.jpg 234,56,293,195,0 52,157,170,231,0 208,209,277,314,0 275,0,349,59,0 143,0,221,77,0 323,27,415,94,0 53,26,154,127,0
opencv_frame_688_png.rf.0faa1b26468643cc99c0edc720144b87.jpg 226,103,261,160,3 83,145,148,185,3 273,163,327,209,3 184,238,222,278,3 102,256,149,305,3
opencv_frame_228_png.rf.11d93272b70b1e6d4052931631b0ef92.jpg 186,56,244,120,3 266,75,346,156,1 208,114,255,174,3 8,94,164,204,6 262,188,409,252,6 165,227,214,284,7 263,254,332,333,8 199,278,265,403,1 100,326,159,415,8
opencv_frame_696_png.rf.11e11e6d389f79ceb62500c8aaae8088.jpg 99,99,130,137,3 227,145,262,194,2 287,150,333,207,2 138,180,178,218,3 264,234,305,280,3 190,248,233,292,3 99,259,142,312,3
opencv_frame_313_png.rf.144a084a1019133d03caffad742b3105.jpg 8,104,82,193,1 266,130,335,185,1 115,157,194,223,1 306,165,416,235,6 206,172,256,232,7 83,192,145,266,3 266,233,324,304,6 312,250,383,335,8 182,256,235,329,8 117,263,182,364,0 85,282,126,349,3 261,0,313,72,0 94,9,177,81,0 43,28,110,107,7 308,12,415,124,6 183,37,227,114,7
opencv_frame_697_png.rf.15373a2bccd66feb866500e9f547402b.jpg 278,77,329,135,2 91,99,142,145,3 227,152,264,192,2 283,154,333,199,2 138,177,182,237,3 259,227,308,283,3 195,237,230,292,3 99,255,148,315,3
opencv_frame_357_png.rf.15871a2d5d5485b05e78053ec84f1b57.jpg 247,72,291,135,3 82,104,164,167,3 279,107,340,173,3 182,109,230,177,3 131,175,206,230,3 85,203,161,276,3 276,199,344,286,3 211,246,258,334,3
opencv_frame_795_png.rf.1646c3bcb1e152d57c1bb99e9a1d5cb4.jpg 115,68,177,153,1 231,79,288,156,1 123,197,185,241,1
opencv_frame_181_png.rf.16e8b46802dfef4a2fb954c0537ad9b9.jpg 240,87,290,146,3 127,70,203,166,8 60,95,128,166,3 272,116,386,200,1 198,132,253,194,6 28,160,178,233,1 258,201,402,254,6 183,206,243,278,8 107,217,182,291,8 23,250,114,316,7 295,251,375,350,6 218,270,280,377,8 142,307,204,415,1 219,0,267,88,7
opencv_frame_421_png.rf.1784e73cc06b50cbb4d56c01a442b433.jpg 71,64,136,142,7 150,92,198,163,7 206,91,260,175,7 148,164,206,218,7 307,188,387,246,7 254,191,298,274,7 213,210,257,282,7 73,226,167,293,7 206,0,260,83,7 272,26,343,137,7
opencv_frame_173_png.rf.17c987a4f7b29f982d129b2cf66ea75d.jpg 27,49,134,167,7 241,77,295,147,3 196,100,249,166,3 154,122,213,174,3 297,107,381,195,1 230,140,296,225,1 135,172,228,242,1 35,174,123,257,8 280,192,395,247,6 234,219,319,298,6 314,244,376,319,8 129,240,203,362,6 55,264,137,362,8 226,265,298,370,8 148,341,219,415,8 225,0,267,116,7 165,4,220,122,7 97,12,173,147,7
opencv_frame_765_png.rf.185237279594ed07337d5a3f526b6c51.jpg 56,56,132,144,0 269,86,359,144,0 153,123,204,180,0 270,158,366,210,0 227,202,280,250,0 152,227,203,284,0
opencv_frame_694_png.rf.186d1505bbe4aeced4e6d7147f64bc09.jpg 95,96,138,146,3 285,161,325,210,3 134,178,178,224,3 265,235,307,281,3 193,243,231,287,3 101,261,150,315,3
opencv_frame_237_png.rf.18dfcb715a677790c0f7da381c2758ae.jpg 199,44,258,166,6 122,98,195,191,6 253,198,297,254,3 208,216,251,267,3 281,272,340,344,8 170,0,221,65,7 215,275,277,375,8 152,320,214,415,7 88,1,169,109,7
opencv_frame_277_png.rf.1940bda30e299ff37359ee719b422bb9.jpg 128,98,223,186,6 273,119,337,205,7 356,147,416,240,8 144,223,228,292,6 228,240,286,342,1 344,244,416,374,0 270,318,318,395,3 167,322,240,401,0 337,341,395,411,3 182,0,256,91,6 278,0,358,103,8
opencv_frame_422_png.rf.19565978961dcebda9f89616cf0e6aa6.jpg 49,59,140,137,7 289,63,390,162,7 122,123,202,193,7 241,139,306,202,7 303,171,398,258,7 259,201,314,275,7 209,208,262,283,7 149,211,214,297,7 86,227,157,314,7 224,0,279,72,7
opencv_frame_430_png.rf.198cdc3afdcf055ebea420415d9c52bf.jpg 153,29,235,155,8 276,17,371,123,8
opencv_frame_283_png.rf.1991ccf86bcb9bb09f93a204231a4beb.jpg 166,64,232,141,1 105,74,167,153,1 245,143,289,207,7 299,159,378,239,8 130,175,187,251,1 229,263,283,346,0 305,263,376,358,0 145,265,213,361,0 229,325,284,379,3 133,0,198,71,6 304,335,349,392,3 198,0,250,77,6 63,0,154,85,6 252,23,306,116,8
opencv_frame_709_png.rf.1f0fd07fc13350b1588c0c9887aef676.jpg 176,85,208,138,5 263,168,313,225,5 151,187,197,234,2 85,196,127,236,2 231,240,277,304,2 124,256,169,322,2 180,255,222,326,2
opencv_frame_645_png.rf.211f11bf6da8308b05377d24f59e5e0e.jpg 219,21,254,117,0 260,35,300,107,1 147,114,181,151,8 117,117,149,157,5 85,126,117,165,3 222,128,261,177,0 179,148,211,185,8 143,154,173,193,2 119,166,152,204,5 90,167,118,207,5 275,175,319,210,1 324,176,384,215,4 231,187,271,225,0 189,195,216,229,2 156,204,188,242,8 275,220,323,260,1 192,231,226,269,8 327,225,385,280,4 98,244,133,278,5 161,249,189,288,2 227,251,263,326,0
opencv_frame_347_png.rf.2164cf83fef9fd2b8a4a02f559ce5678.jpg 187,58,230,140,3 233,124,283,177,3 306,129,367,202,3 161,151,219,221,3 219,191,267,265,3 78,213,143,293,3 298,225,358,292,3 157,230,200,304,3 287,24,331,109,3
opencv_frame_667_png.rf.22fba42595972bd80119be13ab4577ae.jpg 228,0,262,113,4 185,61,224,111,3 105,65,143,112,2 79,72,110,113,5 272,71,316,121,0 312,77,371,133,1 113,106,151,153,2 151,108,191,162,8 82,118,114,156,5 262,129,310,180,0 84,155,124,204,5 155,164,191,219,8 92,205,127,253,5 299,24,367,70,1
opencv_frame_269_png.rf.231a011810c48ae8bdae0eedcf78ff40.jpg 236,138,282,220,7
opencv_frame_646_png.rf.249bdaea325012bbb96725e8c71ddedb.jpg 218,15,253,110,0 256,34,303,115,1 79,83,111,121,5 147,113,180,153,8 117,123,148,155,5 85,125,117,165,3 227,125,263,179,0 180,146,209,184,8 145,155,175,195,2 88,165,116,205,5 119,169,151,209,5 271,174,320,208,1 320,179,384,212,4 228,189,272,226,0 191,192,218,226,2 157,202,190,243,8 274,213,322,262,1 191,229,224,268,8 324,224,382,274,4 98,240,131,279,5 159,246,189,285,2 227,249,263,322,0
opencv_frame_445_png.rf.2669edafe347eae9af85d80b299cddd7.jpg 175,43,245,152,8 207,201,261,293,8
opencv_frame_626_png.rf.24f01f4ceda5ec98617d7c9bca47ebb9.jpg 319,49,368,110,4 272,70,316,118,1 110,79,145,118,3 227,72,258,127,0 82,85,108,124,5 184,87,215,135,2 319,114,380,158,4 149,114,182,160,8 268,120,317,163,1 120,123,148,161,5 84,123,116,162,3 226,129,257,175,0 190,152,217,192,2 149,163,182,203,8 89,167,121,205,5 123,171,150,207,5 271,165,316,214,1 320,181,384,213,4 232,179,266,215,0 189,195,220,229,2 156,206,188,240,8 97,206,127,244,3 128,206,155,245,3 274,221,325,254,1 234,223,263,260,0 325,225,383,266,4 192,235,224,271,2 163,244,192,281,8 135,247,164,279,3 98,247,130,284,5 277,258,325,306,1 195,275,229,314,2 137,285,171,318,3 102,287,135,317,5
opencv_frame_231_png.rf.26e6525fe76299de599201beea86e8eb.jpg 199,48,240,131,3 265,75,353,161,1 3,101,131,197,6 161,140,210,206,3 278,179,401,249,6 159,209,216,283,7 255,233,329,346,8 216,259,274,368,8 76,2,163,87,1
opencv_frame_446_png.rf.27a030cb7f6f584c159cac06349816a4.jpg 173,53,253,157,8 203,219,268,298,8
opencv_frame_319_png.rf.291de5b466837111eac90956668acb3d.jpg 56,76,112,139,3 126,91,183,150,8 281,115,340,178,1 14,112,85,186,1 190,120,240,182,8 115,146,200,225,1 313,163,415,224,6 218,176,261,228,7 96,186,140,252,3 244,220,323,305,6 131,0,192,58,7 189,245,236,330,8 333,244,393,331,8 95,289,135,338,3 237,0,286,68,8 325,8,415,109,6 280,12,328,113,0 195,41,235,110,7
opencv_frame_356_png.rf.295e2c6b8783645ea647c8ced47a5735.jpg 87,98,150,181,3 158,11,223,96,3
opencv_frame_338_png.rf.29c373dc84859a2164e093def08010a4.jpg 101,50,180,168,6 219,83,293,179,6
opencv_frame_264_png.rf.29ec1ee1ea57ee9e192504a647798c2d.jpg 194,48,250,183,6 120,77,180,174,6 11,142,138,233,0 253,191,305,253,3 206,205,249,269,3 131,247,214,322,0 263,252,337,340,8 47,255,156,368,0 215,275,279,367,8 190,0,261,67,1 155,323,207,415,7 55,24,136,120,1
opencv_frame_798_png.rf.2a6dff9a72ac7dba5f02e93ea021ed9e.jpg 123,196,180,235,1
opencv_frame_710_png.rf.2a75d3b9811ff7fd39fefe1d57461c19.jpg 170,91,212,147,5 87,130,138,183,5 265,174,313,226,5 85,192,156,236,2 226,233,267,303,2 121,249,171,313,2 180,255,217,315,2
opencv_frame_274_png.rf.2b9f6509d9156ec0bda305bb3a43613e.jpg 105,107,219,185,6 250,125,321,217,7 329,145,415,263,8 119,216,215,294,6 222,232,277,343,1 319,258,412,395,0 175,0,253,124,6 262,10,338,117,8
opencv_frame_400_png.rf.2cc0e0624980161acaf803ce6747b9aa.jpg 258,136,356,223,0 220,208,277,307,0 63,231,135,332,0 150,257,209,369,0 321,264,416,367,0 211,0,269,119,0 305,12,415,115,0
opencv_frame_724_png.rf.2dff4029aa52c3feee1afb76c543876d.jpg 232,135,268,177,5 87,136,128,188,8 178,177,209,218,5 245,206,278,247,8 129,215,165,267,5 217,220,245,261,5
opencv_frame_752_png.rf.2eaec363a172d2edd5311995990bdb23.jpg 53,54,125,132,0 287,86,364,160,0 41,162,160,219,4 227,197,274,269,4 267,195,355,290,4 156,245,200,340,4
opencv_frame_286_png.rf.2effe02bbe1b879078e37f39b0b848bc.jpg 97,73,166,145,1 173,65,237,161,1 239,139,285,210,7 120,176,200,238,1 287,175,378,252,8 197,0,248,45,6 127,0,199,55,6 142,265,198,337,0 285,248,374,360,0 214,257,277,353,0 224,324,276,383,3 69,0,123,71,6 296,339,348,390,3 239,14,312,116,8
opencv_frame_279_png.rf.31017b7b47097018f17ee29ede840b4c.jpg 208,50,283,146,1 141,74,211,161,1 279,112,343,197,7 351,147,416,239,8 183,165,248,244,0 163,0,228,51,6 236,0,289,55,6 226,248,285,332,1 351,262,415,369,0 265,305,327,389,3 172,304,239,406,0 353,330,407,415,3 105,4,176,83,6 288,0,363,103,8
opencv_frame_698_png.rf.31e19ac810b848492ea60b6044eee0e0.jpg 283,75,325,128,2 225,152,263,198,2 276,155,335,200,2 138,181,178,221,3 262,227,306,281,3 193,240,232,289,3 104,257,150,316,3
opencv_frame_205_png.rf.32d2211db12dd52a5577530f29d00441.jpg 8,52,115,153,1 267,72,348,157,1 166,124,217,201,8 52,169,160,226,7 264,194,396,250,6 210,195,256,250,3 82,231,147,299,3 263,251,330,344,8 165,264,211,360,6 208,279,266,415,1 138,341,200,415,8 218,0,270,104,6 132,4,198,110,7
opencv_frame_678_png.rf.336472647582369586f82b92ca066ea9.jpg 292,64,369,144,1 112,103,158,150,2 89,150,140,196,5 87,197,145,242,5
opencv_frame_394_png.rf.33d1c209bb360760a9becee08325d229.jpg 273,29,415,150,0 45,147,172,233,0 200,203,288,312,0
opencv_frame_635_png.rf.3414938dedcf9166894b606d40dc4810.jpg 268,66,313,119,1 225,72,257,121,0 110,79,145,118,3 80,80,110,124,5 186,87,214,132,2 146,111,177,152,8 118,118,147,157,5 83,123,114,162,3 269,119,315,168,1 226,131,255,178,0 180,144,209,186,8 146,157,177,193,2 87,163,119,202,5 122,168,150,206,5 273,174,319,208,1 322,178,386,216,4 230,190,270,227,0 191,190,218,229,2 158,198,188,242,8 127,208,159,243,3 275,218,324,256,1 329,224,383,271,4 192,231,223,267,8 98,243,132,280,5 135,244,161,285,3 161,248,189,286,2 279,262,326,302,1 228,255,263,327,0 201,271,227,315,2
opencv_frame_784_png.rf.34861932930b8030dfb604b6b74a89ba.jpg 214,33,246,126,1 235,112,280,177,1 269,182,344,234,1 187,211,219,268,1 74,250,147,342,1
opencv_frame_362_png.rf.34c6ff98f9d9647dde6e7afe90cea4a6.jpg 168,49,219,124,3 228,87,289,165,3 82,228,164,281,3 288,214,367,295,3 160,224,203,298,3 207,233,257,303,3
opencv_frame_404_png.rf.35964000df61d49e436c12e3a3ec43a7.jpg 48,48,159,183,0 248,104,348,233,0 55,223,174,314,0 231,221,295,354,0 290,225,408,367,0 295,0,404,96,0 145,2,232,111,0
opencv_frame_435_png.rf.35eadd4da952961c731bdc7f5ca6cc38.jpg 290,71,359,156,8 159,102,217,180,8 230,130,271,205,8 269,178,343,247,8 104,205,170,279,8 205,217,276,290,8 82,32,161,117,8
opencv_frame_424_png.rf.3609468c89b578d99aea4184519a3db3.jpg 45,53,138,136,7 188,71,240,151,7 227,129,297,220,7 303,170,409,250,7 252,195,309,270,7 191,206,243,289,7 156,219,198,296,7 89,243,157,307,7 179,0,233,60,7 272,1,343,106,7
opencv_frame_621_png.rf.36b12c8593b4a55f64728618484f0a41.jpg 320,45,384,103,4 140,61,177,105,2 264,59,315,112,1 107,74,144,120,3 220,72,266,129,0 79,82,115,126,5 178,84,225,136,2 320,107,393,157,4 148,114,183,160,8 117,119,148,163,5 269,116,320,166,1 80,124,118,164,3 219,130,263,180,0 186,144,218,189,2 147,158,184,203,8 84,164,124,202,5 125,167,152,201,3 275,173,327,212,1 231,177,273,218,0 320,172,397,225,4 188,190,224,232,2 89,204,126,240,5 154,205,190,241,8 127,206,157,244,3 270,212,330,259,1 226,218,270,263,0 324,220,400,275,4 194,232,227,271,2 92,242,132,276,5 134,245,165,278,3 159,247,195,281,8 278,255,333,312,1 237,268,269,308,0 201,268,231,315,2 138,279,168,321,3 92,281,134,320,5 165,276,195,326,8 331,275,388,328,4
opencv_frame_442_png.rf.36e91ea43b32e6c2b99dcb203ae27ec9.jpg 168,66,243,151,8 280,178,339,261,8 208,202,259,294,8 45,0,152,84,8
opencv_frame_669_png.rf.38a92d95f41c5a637e431fe8dceecafe.jpg 188,55,224,113,3 106,67,147,112,2 79,71,108,113,5 271,66,316,125,0 311,73,370,133,1 112,108,149,155,2 82,115,116,155,5 265,130,311,186,0 84,153,122,197,5 158,162,195,214,8 89,207,129,251,5 228,1,264,100,4
opencv_frame_380_png.rf.38bf30b2e2a21245ec33931310df8e2b.jpg 234,94,323,170,0 138,86,201,186,1 365,104,415,187,1 43,128,108,205,1 191,206,245,285,1 334,224,416,332,1 253,233,310,342,1 74,255,160,345,1 176,0,265,73,0 353,0,406,76,1
opencv_frame_647_png.rf.395f3a19b68a7f58cfecafd093c27c70.jpg 218,17,253,102,0 262,31,302,104,1 81,83,113,119,5 145,109,179,154,8 119,119,148,159,5 84,127,114,161,3 227,123,261,175,0 179,141,211,184,8 147,155,178,197,2 89,166,121,206,5 120,171,149,204,5 274,173,318,208,1 324,176,382,209,4 229,191,270,226,0 190,194,217,227,2 158,201,189,247,8 275,214,321,259,1 328,225,383,269,4 192,229,223,269,8 101,245,135,279,5 228,249,264,329,0
opencv_frame_735_png.rf.3a50c2e66c2ce9f64fb06211b6a597bf.jpg 268,62,323,125,8 83,134,127,188,8 260,136,311,203,8 173,178,223,231,8 253,231,297,299,8 115,250,165,317,8
opencv_frame_318_png.rf.3af21ff9d6ecbcd4ec73613b7b26528e.jpg 118,50,172,142,8 54,62,106,141,3 7,108,76,178,1 174,113,229,178,8 255,114,326,184,1 103,143,181,213,1 202,162,254,218,7 317,147,416,235,6 80,183,154,262,3 253,206,320,306,6 171,225,237,311,8 121,0,183,57,7 315,243,379,313,8 76,266,128,338,3 109,267,177,352,0 226,1,272,71,8 353,1,409,87,6 279,6,320,106,0 184,35,225,127,7
opencv_frame_764_png.rf.3b64df6020c5261d0cf13f95c58ad9a9.jpg 59,61,160,146,0 263,99,370,153,0 280,162,370,204,0 235,200,281,252,0 153,229,204,287,0
opencv_frame_797_png.rf.3bab7fbf4363cef95e252a599ad29c62.jpg 122,194,181,234,1
opencv_frame_321_png.rf.3d635570db701c4ce09f4b485c649f7d.jpg 79,77,153,142,7 263,114,338,195,1 196,127,245,186,7 49,146,106,197,8 109,150,197,201,1 318,166,415,228,6 184,199,239,258,8 81,199,132,263,3 244,221,320,297,6 91,253,162,291,1 174,254,236,320,8 327,237,392,342,8 22,278,76,353,0 227,1,281,63,8 131,297,170,354,3 82,306,124,364,3 350,14,415,74,6 282,6,332,101,0 188,37,230,106,7
opencv_frame_721_png.rf.3d6bf2aa49f7decba3757ff845e3e235.jpg 228,97,268,161,8 94,135,140,180,5 270,172,316,220,5 176,172,207,222,5 120,205,170,263,5 209,216,246,256,5
opencv_frame_210_png.rf.3da268dd184c235e99f6c8b97feb7089.jpg 36,45,152,151,7 267,65,350,150,1 160,131,219,202,8 1,159,118,233,1 215,193,263,256,3 265,196,403,254,6 90,242,154,300,3 257,251,333,336,8 168,242,213,357,6 205,304,280,415,1 140,352,203,412,8 128,3,200,104,7 225,0,270,128,6
opencv_frame_220_png.rf.3e0b09571508600ef9c9d77be913e913.jpg 261,51,337,160,1 37,71,118,155,6 166,103,225,161,3 165,155,220,226,1 231,187,284,244,3 294,184,397,255,6 271,252,328,329,8 133,0,204,94,7 216,3,273,98,8
opencv_frame_718_png.rf.3ea2d63bebc532634790bb40ddc15897.jpg 220,113,262,153,5 97,132,133,177,5 171,172,211,222,5 265,170,316,230,5 207,206,247,267,5 127,213,165,266,5
opencv_frame_186_png.rf.3f6922a0c74c5ed3d5a0134b820c8e8d.jpg 130,55,179,159,6 168,61,222,166,3 6,58,121,169,1 56,177,175,224,7 273,188,393,257,6 181,205,238,271,7 40,228,130,302,8 251,251,329,335,8 111,284,182,403,1 201,307,274,415,1 81,385,158,415,8 227,28,271,130,6
opencv_frame_188_png.rf.4023663afe2de6bc0a547919aad69b27.jpg 4,43,103,151,1 161,119,208,189,3 56,173,166,224,7 222,178,271,234,3 277,181,410,257,6 155,221,214,278,7 33,233,118,305,8 244,236,326,331,8 109,295,179,402,1 207,303,277,415,1 75,375,166,415,8 95,0,182,122,6 241,0,330,132,6
opencv_frame_441_png.rf.402bdd24065ac857d83e205d5d44f356.jpg 176,59,242,142,8 278,178,348,267,8 215,207,254,275,8 114,224,184,304,8 50,0,144,75,8
opencv_frame_729_png.rf.41340d6441b83180203b807b48d24d4e.jpg 275,55,320,115,8 82,131,124,195,8 181,176,216,225,8 186,221,213,258,5 213,219,250,261,5
opencv_frame_712_png.rf.4261d039fad70b688d9597f48efd986d.jpg 90,132,133,182,5 268,175,317,219,5 177,172,213,229,5 226,235,266,296,2 122,256,168,309,2 176,265,216,317,2
opencv_frame_232_png.rf.4365bde2bbead3b0a356431a55254c84.jpg 190,64,234,155,3 252,68,352,169,1 4,94,134,200,6 163,145,215,203,3 267,179,402,250,6 155,220,220,287,7 261,237,321,335,8 196,274,269,356,8 77,3,172,119,1
opencv_frame_271_png.rf.43c594b5f6b0e830da0aa119d598f6bc.jpg 237,148,293,218,7 307,154,381,265,8 252,23,311,116,8
opencv_frame_711_png.rf.44e9443a817441a2880c968b3daae521.jpg 167,89,214,149,5 93,135,137,180,5 269,172,320,230,5 84,192,134,236,2 237,227,277,298,2 122,251,169,312,2 177,261,216,321,2
opencv_frame_687_png.rf.45a547a2cfb6855f49353dfcdb9e3333.jpg 87,140,140,185,3 271,159,329,214,3 101,254,154,312,3
opencv_frame_206_png.rf.461543770bd3e4f57a538ac9b14b96b5.jpg 4,51,132,166,1 249,76,357,181,1 165,138,219,199,8 54,169,160,223,7 255,191,404,253,6 215,199,254,252,3 82,231,151,309,3 264,251,330,341,8 157,253,205,358,6 210,276,261,415,1 128,348,199,412,8 134,0,198,111,7 214,0,273,143,6
opencv_frame_262_png.rf.472d52a66436405105c981c0cfdf064c.jpg 198,56,252,175,6 115,85,203,197,6 12,143,171,244,0 237,188,309,250,3 192,205,252,272,3 129,246,193,330,0 264,257,339,344,6 50,264,122,376,0 214,277,280,369,6 198,0,255,71,1 152,314,207,415,7 53,9,145,98,1
opencv_frame_190_png.rf.47450f1786e8a1095b90e789db375123.jpg 4,60,123,161,1 214,99,262,187,7 156,121,216,186,3 50,166,166,229,7 229,168,312,253,1 183,194,235,258,3 307,187,406,265,6 57,244,127,318,8 254,243,325,342,8 150,263,213,370,8 208,277,271,415,1 98,0,172,118,6 249,0,325,121,6
opencv_frame_792_png.rf.4828071e7807b76d8baf4765769f99c9.jpg 136,182,185,229,1 188,220,218,266,1 77,252,153,345,1
opencv_frame_674_png.rf.48e11f89f61523865f023157f1cec017.jpg 145,45,185,105,8 189,61,229,120,3 300,70,368,137,1 112,107,156,159,2 257,125,314,191,0 86,154,144,199,5 84,206,155,250,5
opencv_frame_725_png.rf.48f2c4f6c8964e2e8c531dcacea97273.jpg 87,136,127,188,8 182,178,216,224,8 242,199,280,246,8 213,219,247,257,5 180,223,209,256,5 131,214,164,265,5
opencv_frame_708_png.rf.4acc2c9165ce3ea1258c86883184a45a.jpg 176,89,211,141,5 213,165,251,211,2 144,177,194,229,2 83,191,134,242,2 237,233,272,296,2 122,256,171,313,2 176,258,218,321,2
opencv_frame_200_png.rf.4b00d4824099e5a5ff85ca7d53bb3cf8.jpg 6,55,125,158,1 250,72,355,166,1 141,110,211,184,3 55,172,167,229,7 202,183,252,236,8 257,194,410,256,6 66,240,126,312,8 253,247,327,348,8 160,234,218,373,6 209,277,271,415,1 120,322,177,393,3 95,0,178,106,6 225,22,274,151,7
opencv_frame_673_png.rf.4b152a2af5ccc34782d306a49bea8927.jpg 148,42,187,108,8 192,61,228,121,3 68,71,117,115,5 295,70,372,134,1 110,103,156,159,2 76,115,118,157,5 258,117,310,189,0 86,154,128,201,5 89,205,131,252,5
opencv_frame_367_png.rf.4b541485a1b44b3b644f11f1d3e47035.jpg 244,68,294,136,3 147,89,209,154,3
opencv_frame_198_png.rf.4ca83f8afd13c539ac8d55cae75fddf8.jpg 3,54,107,159,1 273,65,346,167,1 156,115,210,183,3 50,169,173,227,7 204,162,261,239,8 266,185,398,252,6 46,224,126,318,8 250,237,336,336,8 171,238,213,363,6 205,282,264,415,1 120,318,174,406,3 93,0,177,102,6 219,18,277,135,7
opencv_frame_296_png.rf.4cc5df34f178a7ddb59aed60c2d228d6.jpg 108,48,201,144,0 303,80,362,152,1 371,114,415,177,6 149,168,197,231,0 112,171,159,237,3 245,184,293,235,7 299,171,391,250,8 225,241,277,310,8 122,263,166,315,3 156,261,201,337,0 283,0,330,61,1 191,0,265,84,1 362,0,416,88,6
opencv_frame_297_png.rf.4b7465a9025af9d575bdf823f7aaba5e.jpg 129,55,207,162,0 283,82,363,172,1 341,110,416,178,6 150,169,206,237,0 122,173,157,241,3 245,175,291,244,7 306,179,392,252,8 224,241,271,311,8 124,252,163,313,3 277,0,343,57,1 167,264,212,339,0 200,0,277,89,1 358,0,416,94,6
opencv_frame_777_png.rf.4cd47091602d6a052dfc754817191db7.jpg 197,27,256,112,1 60,67,152,151,1 280,90,355,164,0 230,121,274,175,1 53,160,147,220,0 287,182,352,240,1 233,195,275,251,0 73,250,148,348,1
opencv_frame_437_png.rf.4ea1bb62f4891772bb3e7fecc018c56d.jpg 245,91,300,170,8 161,139,211,217,8 60,172,130,242,8 282,182,334,250,8 207,219,272,293,8 110,234,176,309,8 301,0,369,82,8 164,16,244,110,8
opencv_frame_759_png.rf.4eb0912b8a0dac081c209224261ce4d6.jpg 55,66,127,135,0 131,57,203,153,0 237,161,288,210,0 286,217,366,288,4 156,239,208,342,4
opencv_frame_728_png.rf.4f4e6b5a873fb36c1daee0e56fe268bc.jpg 271,58,321,109,8 83,137,126,183,8 175,170,214,230,8 216,213,245,259,5 177,217,210,258,5 128,214,170,265,5
opencv_frame_648_png.rf.511ee08c021b09f976286f474e36b15c.jpg 218,17,254,113,0 258,33,303,107,1 80,83,108,121,5 147,108,178,150,8 118,117,146,158,5 85,126,118,166,3 226,122,261,175,0 179,146,211,185,8 145,158,175,194,2 89,168,117,207,5 122,167,147,210,5 268,169,321,211,1 322,178,384,209,4 226,188,269,229,0 191,191,219,228,2 155,205,189,243,8 284,214,382,268,4 193,233,222,268,8 98,244,137,278,5 227,253,266,321,0
opencv_frame_627_png.rf.520dfb4213fb63bef4f51b5e38c309a2.jpg 312,53,374,102,4 265,68,311,120,1 111,77,145,116,3 225,73,258,127,0 80,83,111,125,5 184,84,216,132,2 147,114,182,158,8 319,109,377,167,4 117,119,148,160,5 84,125,113,163,3 266,123,315,169,1 225,130,259,175,0 188,144,217,189,2 149,159,185,198,8 88,166,121,204,5 122,171,152,206,5 271,172,320,210,1 323,179,381,215,4 229,181,267,215,0 188,193,219,228,2 157,201,188,240,8 94,205,124,243,3 126,206,157,244,3 229,216,268,261,0 274,215,324,262,1 328,219,382,267,4 193,231,225,268,2 163,244,194,281,8 96,250,130,278,5 135,249,164,281,3 274,261,325,307,1 196,271,229,315,2 102,285,136,318,5 139,284,170,321,3
opencv_frame_676_png.rf.524a7fb4c1a0a9daac3f1b35f6416ac0.jpg 185,61,227,119,3 318,70,367,130,1 108,97,156,148,2 266,124,317,179,0 87,149,136,202,5 85,196,141,252,5
opencv_frame_194_png.rf.53184d0f0c28def2a88031ffece31f1d.jpg 3,50,111,160,1 267,70,343,178,1 157,125,207,189,3 49,164,163,224,7 202,167,260,243,8 273,184,396,258,6 56,244,126,320,8 264,253,337,335,8 171,231,213,367,6 207,294,274,415,1 126,323,172,404,3 89,1,189,121,6 232,12,274,134,7
opencv_frame_439_png.rf.53be96d7c178ee6c204a3be4df849a89.jpg 244,93,312,180,8 78,165,171,225,8 269,179,329,269,8 205,211,262,281,8 114,213,193,294,8 313,0,376,67,8
opencv_frame_418_png.rf.54616a5fc72bdbfe4632d844cd9b014e.jpg 64,56,152,142,7 219,91,283,172,7 153,171,219,218,7 317,153,409,246,7 231,0,285,45,7 154,2,211,44,7 268,205,305,273,7 218,207,268,287,7 98,224,172,306,7 301,16,355,96,7
opencv_frame_781_png.rf.5644c0b3f08826eacf6c675253313c64.jpg 207,37,252,119,1 288,109,345,156,0 237,121,275,177,1 283,186,346,237,1 229,198,274,249,0 188,218,222,265,1 76,254,149,353,1
opencv_frame_703_png.rf.564d997219eebe28b578c448a30ebcb0.jpg 262,74,325,133,2 218,146,264,197,2 268,150,336,200,2 81,186,156,232,2 268,229,305,278,3 226,229,266,300,2 100,255,157,311,3
opencv_frame_342_png.rf.58e94dde5311f6c68c682790d6dd3357.jpg 182,64,238,147,3 166,160,207,216,3 215,198,278,270,3
opencv_frame_256_png.rf.59f5b5ce7e38983019769f4830718a45.jpg 197,42,245,170,6 122,95,185,192,6 14,134,138,235,0 194,0,263,44,1 242,186,312,257,3 202,205,249,269,3 136,245,182,331,0 272,254,336,335,8 44,272,128,376,0 220,283,278,369,8 157,336,213,415,7 56,9,142,130,1
opencv_frame_763_png.rf.5a34cb697059ac187ff36ce471654555.jpg 55,65,122,126,0 139,65,198,140,0 270,101,364,164,0 269,160,361,213,0 152,223,208,286,0
opencv_frame_392_png.rf.5ae68975d4e0a4be58ab8635881ed045.jpg 213,102,316,207,0 55,158,161,231,0 84,239,172,351,1 344,17,416,151,0
opencv_frame_402_png.rf.5b19bcf4b7b6b081c53314cbdfb258c7.jpg 258,142,364,216,0 207,195,268,311,0 47,237,151,310,0 314,238,409,353,0 151,247,205,361,0 323,0,416,96,0 204,0,278,103,0
opencv_frame_270_png.rf.5c7855968f10535d1beb6dcf3d4fcb0b.jpg 222,144,298,210,7 306,162,376,264,8 240,20,313,126,8
opencv_frame_384_png.rf.5cb1c1e7e6ddd856bdfedc79cdb44c85.jpg 271,71,333,153,1 314,99,416,194,1 158,113,210,187,1 41,144,125,209,0 190,212,239,267,1 316,209,416,313,1 85,276,171,379,1 242,0,320,70,0 141,0,218,97,1
opencv_frame_651_png.rf.5dc883b096f414f12dff612a1fd7c9d9.jpg 219,17,252,116,0 256,34,303,111,1 81,83,111,121,5 112,94,148,140,5 84,124,125,168,3 225,127,260,182,0 179,144,208,184,8 145,154,176,193,2 86,171,131,204,5 263,173,319,208,1 321,177,378,210,4 227,190,268,227,0 189,195,217,229,2 159,205,190,239,8 283,213,379,268,4 192,232,221,268,8 98,243,130,277,5 136,246,178,280,5 228,253,262,321,0
opencv_frame_294_png.rf.5f875e9af2cd0d574f8dafd7d986d1cd.jpg 138,54,206,164,0 280,74,365,170,1 353,116,415,173,6 145,171,219,232,0 236,177,293,232,7 304,172,378,247,8 118,186,159,235,3 218,241,271,316,8 120,254,161,315,3 150,252,217,323,0 268,0,348,67,1 359,2,416,84,6 205,0,265,114,1
opencv_frame_390_png.rf.61c843ee04bc2862ee0181f68771a2fb.jpg 229,85,312,182,0 50,144,150,216,0 177,195,245,260,1 320,217,415,313,1 87,231,161,349,1
opencv_frame_209_png.rf.62e19f3eb73bb07093e76a03726adb60.jpg 29,50,128,154,7 267,71,353,161,1 154,122,220,204,8 4,155,148,235,1 214,198,264,247,3 255,194,403,258,6 81,233,149,299,3 250,250,334,338,8 157,237,215,364,6 205,277,270,415,1 123,350,205,414,8 125,0,206,128,7 220,0,269,129,6
opencv_frame_308_png.rf.6309aa0888854e7544337f39b6bd05fd.jpg 246,49,320,125,1 327,75,410,162,6 188,74,244,170,1 122,112,185,201,0 266,152,325,227,1 315,175,416,242,6 114,210,182,272,0 88,215,137,279,3 206,225,277,285,7 294,223,349,315,8 200,304,249,369,8 86,316,126,377,3 121,332,190,406,0 321,13,384,79,6
opencv_frame_161_png.rf.638644559c8e802f278aa0ff29db96b1.jpg 19,52,125,157,7 238,76,288,150,3 198,101,245,161,3 158,118,206,176,3 297,107,371,202,1 106,139,165,199,3 237,140,301,224,1 180,165,241,230,1 276,200,387,252,6 235,210,321,287,6 195,229,258,323,6 313,243,367,313,8 261,269,319,342,8 124,245,204,367,6 217,289,267,371,8 60,279,128,388,6 4,291,65,401,6 170,338,230,415,8 125,362,182,415,8 69,368,138,415,8 218,0,261,112,7 162,1,212,125,7 101,15,175,150,7
opencv_frame_251_png.rf.644fff67eb45f679371a592e9821aafa.jpg 194,60,255,178,6 123,96,191,187,6 22,138,115,233,0 240,185,300,247,3 210,213,246,271,3 128,229,200,323,0 260,255,336,344,8 51,268,142,366,0 192,0,267,64,1 218,276,279,373,8 155,336,210,415,7 57,16,136,120,1
opencv_frame_322_png.rf.64fb82349738102a1e16412a7803c6a4.jpg 80,82,149,148,7 261,121,337,188,1 192,131,250,191,7 44,129,107,199,8 112,147,186,215,1 319,167,416,222,6 180,191,237,257,8 312,0,359,45,0 82,208,125,266,3 248,214,322,295,6 93,251,173,298,1 312,239,389,325,8 184,257,231,312,8 8,289,88,344,0 131,298,186,353,3 85,304,126,366,3 226,8,278,78,8 339,8,414,112,6 270,10,328,113,0 186,34,236,131,7
opencv_frame_666_png.rf.64141406381d6bc538fd836cb1bc6e1d.jpg 223,0,259,109,4 190,62,222,115,3 105,67,144,111,2 275,66,319,121,0 75,76,108,113,5 318,76,371,136,1 110,107,150,154,2 149,109,192,161,8 77,115,117,156,5 266,127,309,182,0 85,156,132,200,5 155,167,197,211,8 90,208,136,248,5 308,18,356,75,1
opencv_frame_377_png.rf.68322d13114f37c832a7c572ed88e287.jpg 217,73,286,165,1 308,109,415,196,1 35,126,127,211,1 185,192,236,272,1 310,210,397,315,1 253,231,307,331,1 222,0,283,57,1 84,244,156,353,1 306,1,414,81,1
opencv_frame_406_png.rf.69708ec653827ffa985b6be54c2a48af.jpg 296,108,415,198,0 136,172,229,277,0 63,237,172,320,0 223,212,313,350,0 310,244,416,370,0 211,0,309,68,0
opencv_frame_732_png.rf.6a5983cae9a25494cf15dcec455ff26c.jpg 276,52,328,116,8 178,180,217,234,8 259,243,303,301,8 115,257,157,315,8
opencv_frame_625_png.rf.6ae721d8132dcc5ba69145f77daaa7bf.jpg 311,42,372,98,4 267,66,313,121,1 111,75,143,121,3 226,68,262,132,0 78,83,112,124,5 178,85,219,140,2 318,115,382,157,4 147,115,185,163,8 116,119,152,163,5 264,124,319,163,1 79,124,115,166,3 223,128,259,172,0 185,149,218,193,2 150,161,185,203,8 83,164,123,205,5 275,170,322,214,1 319,170,389,215,4 226,174,271,220,0 192,197,223,230,2 157,202,190,242,8 91,206,127,246,3 128,209,157,245,3 277,212,325,260,1 227,221,266,267,0 192,231,227,270,2 331,222,388,280,4 160,240,194,281,8 135,245,162,279,3 97,248,136,279,5 284,265,336,317,1 196,273,233,314,2 137,279,169,324,3 99,280,135,324,5 162,282,196,328,8
opencv_frame_638_png.rf.6b398ea065dc9cc98fece0ab7bc62707.jpg 268,67,316,116,1 110,79,142,114,3 82,83,110,126,5 184,87,212,135,2 145,113,178,152,8 118,119,147,159,5 273,120,319,168,1 85,128,113,162,3 223,130,257,172,0 180,143,208,187,8 144,158,175,192,2 121,167,151,204,5 89,166,118,207,5 277,170,319,211,1 322,177,382,215,4 228,188,270,228,0 191,191,219,232,2 158,204,189,237,8 126,209,160,243,3 278,218,322,256,1 325,219,382,270,4 191,231,222,265,8 96,244,132,283,5 159,249,189,293,2 229,252,266,324,0 199,271,227,317,2
opencv_frame_261_png.rf.6b3d8a40a25423b7f031127ea744aaef.jpg 193,56,248,186,6 124,87,196,183,6 13,134,115,237,0 250,194,299,251,3 208,203,242,273,3 139,229,200,337,0 261,256,335,343,8 193,0,262,61,1 228,275,276,381,8 42,288,133,375,0 157,334,217,415,7 57,6,121,119,1
opencv_frame_196_png.rf.6b4f9bc21de87211067fdf27779a9033.jpg 7,49,122,152,1 257,72,347,170,1 145,114,214,184,3 48,165,156,221,7 207,168,253,233,8 265,185,394,249,6 65,245,144,310,8 265,244,326,331,8 165,229,213,368,6 212,273,266,415,1 126,314,175,404,3 91,0,174,91,6 214,5,269,135,7
opencv_frame_366_png.rf.6bfdec5cb4b7a123c27958cfb6db90b2.jpg 241,68,295,150,3 155,74,211,157,3
opencv_frame_675_png.rf.6ddae29ca04db17c02922c37d37cd167.jpg 143,47,186,110,8 190,54,226,120,3 295,65,369,134,1 108,106,152,159,2 253,129,310,180,0 81,147,128,197,5 83,207,150,246,5
opencv_frame_634_png.rf.6e09551f7103ad112c8d69984af73cfd.jpg 270,69,316,116,1 110,79,145,114,3 221,73,259,123,0 82,83,109,127,5 183,84,216,131,2 147,112,178,156,8 119,119,146,160,5 274,121,316,166,1 86,126,119,164,3 223,134,256,174,0 178,142,210,184,8 145,154,174,194,2 87,168,119,202,5 119,168,153,202,5 277,172,321,209,1 324,180,385,212,4 230,186,270,227,0 191,194,219,230,2 157,203,189,240,8 96,206,126,243,3 128,209,157,245,3 275,218,326,256,1 193,235,224,268,8 331,239,385,268,4 134,248,163,281,3 99,247,131,286,5 161,248,189,293,2 281,258,326,305,1 227,252,264,326,0 200,268,226,316,2
opencv_frame_397_png.rf.6e7a26bafd1146c9eaeb3cb37720739f.jpg 236,33,302,152,0 60,159,188,239,0 212,215,279,327,0 279,2,349,72,0 141,0,225,101,0 44,12,150,146,0 353,32,416,131,0
opencv_frame_677_png.rf.6ef1d29ae13af4dfad6525e5a5a35ce4.jpg 291,70,369,134,1 109,102,166,156,2 255,125,315,186,0 87,144,134,194,5 91,194,143,244,5
opencv_frame_233_png.rf.6f24e7519478520e350542db4b3e9298.jpg 189,52,245,157,6 117,98,185,175,6 258,177,307,247,3 207,207,240,266,3 273,266,334,330,8 168,0,227,62,1 215,277,276,363,8 70,0,166,70,1 166,291,208,415,7
opencv_frame_306_png.rf.6fdc62dda3a6f98c9e6e5aa79f9e38ad.jpg 126,55,193,172,0 276,100,349,177,1 348,121,415,193,6 135,172,208,238,0 94,190,144,238,3 223,185,279,251,7 298,188,372,266,8 207,232,254,321,8 108,254,144,331,3 137,259,200,334,0 275,0,339,109,1 368,16,416,103,6 204,2,260,152,1
opencv_frame_717_png.rf.71be6aeb21077f7663b049bc5c89a7eb.jpg 219,108,259,162,5 99,127,134,177,5 268,172,313,222,5 171,173,209,225,5 211,210,251,266,5
opencv_frame_671_png.rf.75c5841534bb9ea02d2ff7e97642eb49.jpg 146,50,184,101,8 107,64,143,110,2 188,60,226,118,3 70,72,109,111,5 268,71,319,125,0 318,69,371,128,1 112,101,156,157,2 81,114,116,153,5 260,121,316,186,0 88,149,122,196,5 89,202,125,249,5
opencv_frame_291_png.rf.76da0684c009832ff4e71de5db6cfbf1.jpg 135,57,199,136,0 304,70,365,161,7 367,110,416,182,7 149,167,204,233,0 252,177,293,235,7 123,177,163,241,3 316,170,385,252,8 219,231,266,327,8 127,253,158,317,3 152,258,201,327,0 283,0,345,64,7 365,0,415,85,7 206,0,268,86,7
opencv_frame_328_png.rf.7a33fa18a10f780ac970dd11dc0041c3.jpg 290,59,361,158,6 58,114,164,193,6 161,170,230,247,6 305,204,416,314,6 200,2,263,126,6
opencv_frame_413_png.rf.7bafecfb4cc882de251c15aa865e1e2b.jpg 277,52,350,161,7 147,153,217,223,7 179,10,245,122,7
opencv_frame_314_png.rf.7bf172dd8141bfe935333414643259e0.jpg 176,102,232,181,8 8,104,90,185,1 257,114,330,193,1 209,166,245,211,7 113,155,196,225,1 327,163,415,224,6 77,192,136,246,3 243,218,314,305,6 327,232,379,322,8 188,252,227,331,8 83,281,124,333,3 114,268,168,373,0 178,1,220,76,7 90,0,163,97,0 221,0,264,99,8 42,19,99,95,7 326,11,415,103,6
opencv_frame_747_png.rf.7a18cc8b82dbdf8aab07b77647f863cf.jpg 269,108,373,186,4 47,101,152,201,4 227,198,269,267,4 274,210,348,288,4 158,237,215,352,4
opencv_frame_682_png.rf.7e07f842a70afd373ae7b9f7039ca830.jpg 80,147,148,195,5 85,199,153,241,5
opencv_frame_739_png.rf.7e1cef91164ca6c4cca7b50f47bf109a.jpg 185,69,234,159,4 84,139,134,189,8 259,148,310,199,8 165,179,223,236,8 258,238,305,293,8 112,257,164,311,8
opencv_frame_272_png.rf.7e8a00f46593ef00763066d7d1b75ca0.jpg 255,136,300,203,7 115,143,215,214,6 315,158,393,256,8 150,0,231,77,6 248,24,319,111,8
opencv_frame_796_png.rf.824444563a182df46b3dde2cb44920e5.jpg 193,152,224,196,1 121,193,183,239,1
opencv_frame_767_png.rf.826cb5e80e04a6a5292322064c3c45a2.jpg 54,58,132,142,0 270,102,361,159,0 165,125,213,189,1 281,157,361,214,0 222,193,276,255,0 147,209,201,299,0
opencv_frame_340_png.rf.82e431efaed5e2909625e449a4296b04.jpg 281,58,342,140,3 185,67,232,144,3 207,186,267,272,3
opencv_frame_412_png.rf.82f2a7778792f14a5e450005e249dae4.jpg 160,43,244,188,0
opencv_frame_387_png.rf.837df8bf18d38059e8346500cda6bf04.jpg 244,82,308,178,0 156,107,224,184,1 44,148,159,223,0 174,194,233,268,1 325,215,415,319,1 75,267,154,351,1
opencv_frame_242_png.rf.87393ab0151f0d85571c423bed775ede.jpg 200,50,245,177,6 120,97,191,187,6 248,188,307,257,3 207,198,247,275,3 191,0,259,51,1 270,251,332,345,8 222,283,280,371,8 164,298,216,415,7 50,14,128,93,1
opencv_frame_401_png.rf.8786131605dd6dbe1153f4ad68dbe809.jpg 249,151,361,211,0 219,208,275,313,0 60,221,149,331,0 153,257,220,360,0 316,252,410,367,0 296,0,415,122,0 222,0,273,132,0
opencv_frame_403_png.rf.883b1caa20a8f8f6731788b1384f45a6.jpg 260,147,343,241,0 215,191,274,338,0 53,226,154,318,0 316,242,415,375,0 156,250,222,375,0 312,0,415,129,0 204,0,278,137,0
opencv_frame_431_png.rf.895d6ab2ccbf2ff6e5461aca7c6b59c0.jpg 157,17,219,118,8 282,24,371,132,8
opencv_frame_285_png.rf.8a07e91f18286978936ec54522c28387.jpg 178,61,225,153,1 96,76,177,161,1 242,148,280,205,7 302,167,358,242,8 113,181,199,239,1 194,0,248,47,6 148,256,202,330,0 221,245,279,348,0 302,257,364,360,0 72,0,144,64,6 135,0,192,67,6 232,321,276,384,3 295,338,343,393,3 248,35,304,121,8
opencv_frame_208_png.rf.8a72202896d88a3c0ff835a51b833a08.jpg 27,47,133,159,7 265,71,349,157,1 169,134,228,198,8 8,157,149,238,1 265,182,400,256,6 213,195,263,254,3 72,248,153,301,3 153,240,213,353,6 265,253,333,343,8 216,282,266,415,1 139,352,207,413,8 215,0,274,129,6 129,9,203,127,7
opencv_frame_224_png.rf.8ad684636ec964c5845bb5823d9abf90.jpg 256,65,348,150,1 33,72,132,178,6 184,161,240,218,3 110,186,167,253,3 291,183,397,264,6 253,261,334,339,8 201,252,253,397,1 101,310,170,415,8 141,4,209,120,7
opencv_frame_248_png.rf.8b01caef448b584b40a692a385bec09e.jpg 197,38,256,186,6 118,91,192,190,6 24,138,120,227,0 252,185,302,250,3 202,202,248,272,3 198,0,254,52,1 129,241,202,329,0 259,247,330,335,8 38,264,126,369,0 223,277,280,380,8 161,337,214,415,7 40,17,127,113,1
opencv_frame_771_png.rf.8b4565cb33bede4a5ecf14f3137438db.jpg 207,29,271,104,1 67,69,152,158,1 291,88,370,156,0 235,107,282,186,1 158,123,205,186,1 291,158,366,210,0 228,197,277,253,0 153,226,201,283,0
opencv_frame_755_png.rf.8c30a752109bbc1cab304bcfc59a0ade.jpg 57,63,155,136,0 294,91,364,154,0 37,156,148,225,4 262,207,352,286,4 158,237,200,344,4
opencv_frame_259_png.rf.8d9cee9aa3f081c7a36603fd096203ba.jpg 193,51,259,161,6 123,89,194,184,6 11,132,127,237,0 250,189,299,247,3 205,205,250,271,3 138,236,200,330,0 191,0,272,57,1 271,250,329,335,8 57,264,145,384,0 217,278,279,378,8 162,322,207,415,7 57,8,134,132,1
opencv_frame_416_png.rf.8ddf61c80286528201b92a41ab4e778c.jpg 60,77,142,168,7 158,151,226,218,7 266,206,328,290,7 208,1,266,106,7 290,17,359,140,7
opencv_frame_680_png.rf.8df5b90a8d9483c003caef35a8706422.jpg 288,70,361,155,1 83,135,151,194,5 86,196,154,240,5
opencv_frame_701_png.rf.904df702408303dc010b8d850ac6fe23.jpg 275,76,327,127,2 225,149,261,200,2 289,157,329,199,2 83,184,165,234,2 263,228,303,277,3 196,244,229,287,3 101,254,145,309,3
opencv_frame_337_png.rf.91381a0bc021a7df2c1ad1eb77f338c2.jpg 34,217,173,307,6
opencv_frame_768_png.rf.8f0d68c930876291a370dd6d4bfe1eed.jpg 58,59,133,143,0 276,98,380,170,0 158,119,203,183,1 274,153,358,217,0 227,187,276,259,0 157,220,206,296,0
opencv_frame_726_png.rf.91814841d54b6f01656bcb7ae492e6b1.jpg 84,137,130,187,8 181,181,220,226,8 243,198,276,248,8 218,221,242,255,5 178,223,212,258,5 126,221,168,260,5
opencv_frame_727_png.rf.91a37265f95a13d0501a8b79a8c5ed10.jpg 84,135,128,187,8 174,178,216,225,8 235,196,275,245,8 133,217,169,261,5 181,218,211,262,5 215,221,242,260,5
opencv_frame_659_png.rf.927a3661f7e30e09f2d204969f657054.jpg 175,61,216,119,3 272,72,315,127,0 310,72,370,137,1 107,88,140,134,5 229,78,263,155,4 132,99,172,150,2 267,131,311,186,0 189,156,218,196,5 82,182,120,220,5 191,191,223,231,2 157,194,189,243,8 106,202,149,239,8 187,226,223,267,8 89,244,134,284,5 226,1,262,78,4 265,10,306,69,0 309,13,354,74,1
opencv_frame_760_png.rf.9364926a5be89c3ddd0bf6affe09cc5f.jpg 51,55,118,124,0 136,65,198,146,0 263,101,367,158,0 266,158,365,207,0 260,206,384,296,4 154,237,222,338,4
opencv_frame_355_png.rf.9379ab3f8f33bbd79d1ba3700d68bb42.jpg 72,97,146,166,3 280,108,337,178,3 200,144,256,215,3 300,208,347,284,3 92,204,150,294,3 154,219,204,304,3 210,251,249,324,3 247,248,297,328,3 153,18,225,87,3
opencv_frame_378_png.rf.9742794b59407d7f1ee6eacd041fa7c6.jpg 220,77,297,172,1 310,98,415,191,1 36,117,139,218,1 198,0,289,46,1 183,191,242,298,1 328,211,411,323,1 249,222,309,314,1 67,255,167,344,1 312,0,416,87,1
opencv_frame_386_png.rf.97e74e78451e00a677ebef43cd485499.jpg 237,81,306,180,0 326,107,412,176,1 158,110,220,191,1 48,155,156,225,0 185,193,249,274,1 325,209,406,313,1 56,246,166,325,1
opencv_frame_787_png.rf.984e606d9b416cee5e9ff02372558a5a.jpg 216,113,247,175,1 138,181,180,226,1 272,182,344,236,1 186,217,219,266,1 74,247,142,353,1
opencv_frame_339_png.rf.99f59c81c0d016f8dac834c6f8848af4.jpg 216,197,265,270,3
opencv_frame_185_png.rf.9acec34b410f4f98710073a1ea8e85e6.jpg 170,58,216,154,3 5,55,115,158,1 214,40,269,182,6 120,54,184,170,6 57,165,176,224,7 185,184,248,247,1 253,185,394,255,6 117,224,182,291,8 205,251,250,344,7 257,252,335,346,8 149,288,207,364,8 37,313,131,415,1
opencv_frame_240_png.rf.9bb42dc5106fe7574b139448e0c7ac2d.jpg 201,47,247,178,6 124,88,182,180,6 246,188,297,257,3 201,208,247,282,3 183,0,262,56,1 272,257,338,339,8 221,284,285,370,8 152,304,218,415,7 54,16,119,124,1
opencv_frame_637_png.rf.96be0a43cd13cfbbbef61a696c2fd1db.jpg 267,68,312,120,1 227,72,258,121,0 110,80,141,116,3 80,81,110,123,5 185,86,214,132,2 145,109,178,152,8 118,117,148,162,5 82,125,114,159,3 271,122,316,164,1 226,125,254,177,0 181,144,208,188,8 144,155,177,192,2 121,166,152,203,5 86,166,119,208,5 275,171,323,210,1 326,178,383,211,4 232,189,269,228,0 189,191,220,228,2 158,204,187,241,8 126,209,159,243,3 278,217,322,255,1 192,231,224,264,8 332,227,383,274,4 136,243,159,282,3 98,244,130,284,5 160,247,189,289,2 227,255,268,326,0 199,272,226,317,2
opencv_frame_642_png.rf.9df6a1187962f9ef8873b6b45b1a7892.jpg 216,20,254,104,0 258,35,304,107,1 108,79,142,113,3 80,83,108,119,5 147,111,180,155,8 117,115,146,160,5 84,125,115,162,3 223,130,261,180,0 178,144,211,182,8 146,155,178,193,2 90,166,117,202,5 121,165,150,211,5 269,174,319,213,1 324,177,384,214,4 229,190,269,229,0 190,192,219,227,2 155,203,188,240,8 272,220,323,260,1 194,228,223,268,8 327,223,383,273,4 99,240,141,281,5 160,248,190,286,2 228,253,267,321,0 199,271,227,314,2
opencv_frame_620_png.rf.9e3fb64442d75d850ba92bfb374a5628.jpg 320,49,367,108,4 140,63,171,108,2 270,71,310,115,1 226,74,257,124,0 108,79,139,122,3 82,85,110,128,5 184,85,216,129,2 323,112,374,167,4 147,117,177,163,8 85,125,113,161,5 269,122,315,166,1 116,126,144,164,3 226,136,256,175,0 191,152,216,194,2 151,166,182,199,8 122,167,147,199,3 90,167,120,204,5 271,173,316,210,1 229,183,266,212,0 326,179,380,217,4 190,201,218,232,2 157,205,187,239,8 93,209,123,241,5 126,208,155,244,3 229,217,262,259,0 273,224,324,254,1 193,233,225,266,2 331,233,384,266,4 161,244,192,282,8 96,246,130,283,5 134,248,163,281,3 277,260,322,311,1 233,263,268,308,0 198,271,225,317,2 331,274,379,321,4 104,287,133,320,5 139,284,167,325,3 164,285,195,325,8
opencv_frame_719_png.rf.a07ac17676c1b8eb077c5e3c3664127a.jpg 218,103,255,154,5 92,126,139,177,5 173,178,210,223,5 276,177,312,225,5 211,208,254,265,5 130,216,168,266,5
opencv_frame_705_png.rf.a16522647507492a3e0d84cd421d44ea.jpg 175,89,208,134,5 187,134,218,175,2 228,144,259,191,2 269,152,329,201,2 89,189,155,233,2 227,234,270,301,2 102,253,153,311,3 182,250,209,319,2
opencv_frame_388_png.rf.a29093a4c7e7be3b219b13cee3d6a28a.jpg 239,100,329,172,0 33,140,143,214,0 182,206,251,285,1 321,219,415,318,1 85,272,157,347,1
opencv_frame_433_png.rf.a474a9f5783749d975f4eb400a811a77.jpg 210,206,265,304,8 93,219,163,295,8 280,10,355,119,8 85,24,147,137,8 153,26,215,138,8
opencv_frame_235_png.rf.a4aa82712629eb1c26cc844f65e4809a.jpg 191,48,249,164,7 111,92,191,184,7 250,192,297,252,3 149,0,225,48,1 197,199,246,270,3 258,249,334,335,8 222,279,276,369,8 146,282,209,415,7 85,0,152,94,1
opencv_frame_374_png.rf.a5f26d9f6d023f1bf9ab917ec96f8aae.jpg 240,70,296,173,1 330,103,416,190,1 25,127,158,195,1 107,195,196,279,1 296,205,404,300,1 241,225,309,344,1
opencv_frame_326_png.rf.a64266854f2698e4eb9746d8a8b79451.jpg 283,68,372,167,6 62,88,154,178,6 171,201,228,264,6 242,224,323,337,6 20,238,161,337,6 201,0,253,95,6
opencv_frame_774_png.rf.a6f9c33a67df80a6d00be0a46ad960cb.jpg 218,39,261,107,1 61,69,140,142,1 291,103,364,154,0 235,120,277,175,1 162,122,217,194,1 290,181,357,243,1 233,204,276,254,0 152,212,195,280,0
opencv_frame_263_png.rf.a77cad84621b11b87cd6eae122c89bb0.jpg 195,49,245,187,6 120,88,184,190,6 10,139,152,241,0 249,187,302,258,3 208,207,254,277,3 197,0,269,52,1 135,230,202,328,0 271,258,335,354,8 45,264,134,374,0 220,285,283,367,8 151,321,213,415,7 50,8,133,123,1
opencv_frame_363_png.rf.a84db3d5d742f5c8407d00fd788759c9.jpg 93,205,142,280,3 287,212,352,296,3 207,217,244,301,3 169,226,209,294,3
opencv_frame_214_png.rf.a95fc9d6725a91f2c400aff1671255de.jpg 265,74,358,164,1 170,125,220,201,8 5,156,126,243,1 267,187,403,252,6 219,197,265,259,3 87,233,152,307,3 267,262,325,322,8 157,251,205,356,6 204,308,276,415,1 128,350,203,415,8 129,0,205,101,7 222,0,272,124,6 24,47,113,122,7
opencv_frame_410_png.rf.a98bbbd91622aef27f491364860d49dd.jpg 67,233,190,320,0 290,211,411,351,0 235,218,299,355,0
opencv_frame_748_png.rf.ab412241afc851c18cff1bb3cff25bb0.jpg 278,99,371,178,4 39,104,152,184,4 228,206,275,273,4 284,208,357,288,4 150,233,201,337,4
opencv_frame_693_png.rf.ac3699f579badd5a11df46bc8a7be2d4.jpg 96,98,136,142,3 273,159,335,212,3 140,181,183,232,3 260,226,305,280,3 197,242,230,291,3 101,266,141,310,3
opencv_frame_331_png.rf.ad5b675efb00805fdf0175ea382291c1.jpg 8,116,160,196,6 59,0,174,103,6 260,0,335,146,6 198,9,252,155,6
opencv_frame_258_png.rf.ae921c5860fb09bae3bbd51f9b802657.jpg 200,48,254,183,6 119,89,197,206,6 10,143,122,225,0 253,192,309,247,3 208,207,251,268,3 189,0,259,54,1 129,225,203,326,0 273,253,335,335,8 211,273,289,368,8 47,272,130,382,0 156,316,218,415,7 50,11,124,109,1
opencv_frame_734_png.rf.b01fb7cc2a71053fe40d05d169d28b3f.jpg 276,60,320,110,8 74,137,128,196,8 176,178,223,237,8 263,244,312,311,8 111,259,163,325,8
opencv_frame_690_png.rf.b1ae467d90cb24c548c2c9049693f93d.jpg 231,96,271,156,3 88,143,130,192,3 275,162,327,209,3 177,228,216,279,3 107,247,164,303,3
opencv_frame_175_png.rf.b1c993da9dcb81234381961f520d8695.jpg 233,85,296,154,3 285,102,374,193,1 120,127,174,186,3 222,146,298,215,1 15,137,139,227,7 150,168,211,242,1 290,197,395,255,6 230,210,318,300,6 312,242,369,321,8 135,258,188,372,6 228,275,309,368,8 55,275,127,369,8 150,342,217,415,8 222,1,262,118,7 104,21,199,151,8
opencv_frame_419_png.rf.b22495630b30fbf14fd9597ad67da38a.jpg 76,60,167,143,7 226,84,275,166,7 161,164,219,226,7 341,189,411,252,7 278,202,319,282,7 227,212,269,287,7 90,244,204,328,7 148,0,214,63,7 235,0,289,72,7 310,4,365,114,7
opencv_frame_683_png.rf.b2b084ae5aeb8cbfeb8d31bafbbfafac.jpg 85,194,153,246,5
opencv_frame_622_png.rf.b36a925aa3aad9619d848443ae97bc92.jpg 311,45,373,105,4 140,63,181,109,2 267,69,310,121,1 109,78,143,118,3 219,72,266,131,0 77,80,112,124,5 181,79,217,133,2 115,113,150,159,5 144,114,187,159,8 320,111,392,165,4 79,124,119,164,3 269,120,319,169,1 223,137,259,177,0 188,148,220,195,2 146,161,186,203,8 85,166,117,199,5 119,166,153,203,5 273,170,325,215,1 324,168,399,222,4 235,175,275,217,0 192,191,227,232,2 157,204,189,239,8 92,207,127,245,3 126,207,157,247,3 271,216,332,256,1 230,216,268,262,0 327,218,393,270,4 193,235,227,270,2 160,239,191,284,8 133,244,162,280,3 94,245,130,284,5 277,254,329,307,1 235,260,276,305,0 198,272,229,316,2 332,264,383,324,4 98,278,136,319,5 132,280,169,319,3 163,282,197,326,8