data/roda_pytorch_yolov4/train/opencv_frame_221_png.rf.01d09abea1820284ae380a81fb220132.jpg 252,73,346,165,1 29,67,130,173,3 166,106,221,157,2 167,157,220,229,1 233,185,282,243,2 288,185,409,256,3 255,252,326,333,5 216,1,278,89,5 131,0,200,95,4
data/roda_pytorch_yolov4/train/opencv_frame_180_png.rf.086ba7b4075d92644abee38dda863cc1.jpg 232,79,285,143,2 128,69,190,161,5 45,100,121,155,2 259,122,376,202,1 194,128,246,210,3 25,148,171,227,1 273,200,404,264,3 181,199,242,279,5 109,220,180,296,5 9,237,112,320,4 289,260,382,349,3 231,275,285,367,5 134,287,207,415,1 217,0,267,83,4
data/roda_pytorch_yolov4/train/opencv_frame_399_png.rf.0e9f89e2c403d931513d7257ad467465.jpg 234,56,293,195,0 52,157,170,231,0 208,209,277,314,0 275,0,349,59,0 143,0,221,77,0 323,27,415,94,0 53,26,154,127,0
data/roda_pytorch_yolov4/train/opencv_frame_422_png.rf.19565978961dcebda9f89616cf0e6aa6.jpg 49,59,140,137,4 289,63,390,162,4 122,123,202,193,4 241,139,306,202,4 303,171,398,258,4 259,201,314,275,4 209,208,262,283,4 149,211,214,297,4 86,227,157,314,4 224,0,279,72,4
data/roda_pytorch_yolov4/train/opencv_frame_228_png.rf.11d93272b70b1e6d4052931631b0ef92.jpg 186,56,244,120,2 266,75,346,156,1 208,114,255,174,2 8,94,164,204,3 262,188,409,252,3 165,227,214,284,4 263,254,332,333,5 199,278,265,403,1 100,326,159,415,5
data/roda_pytorch_yolov4/train/opencv_frame_295_png.rf.0aae8ff766c935e0ec5f7d7d1694cdcf.jpg 120,50,200,152,0 292,68,368,147,1 355,122,415,173,3 122,173,156,227,2 149,181,211,232,0 242,182,288,237,4 320,171,395,251,5 216,241,268,315,5 127,251,163,316,2 158,252,198,325,0 270,0,337,87,1 346,0,415,103,1 207,0,263,130,1
data/roda_pytorch_yolov4/train/opencv_frame_357_png.rf.15871a2d5d5485b05e78053ec84f1b57.jpg 247,72,291,135,2 82,104,164,167,2 279,107,340,173,2 182,109,230,177,2 131,175,206,230,2 85,203,161,276,2 276,199,344,286,2 211,246,258,334,2
data/roda_pytorch_yolov4/train/opencv_frame_269_png.rf.231a011810c48ae8bdae0eedcf78ff40.jpg 236,138,282,220,4
data/roda_pytorch_yolov4/train/opencv_frame_231_png.rf.26e6525fe76299de599201beea86e8eb.jpg 199,48,240,131,2 265,75,353,161,1 3,101,131,197,3 161,140,210,206,2 278,179,401,249,3 159,209,216,283,4 255,233,329,346,5 216,259,274,368,5 76,2,163,87,1
data/roda_pytorch_yolov4/train/opencv_frame_173_png.rf.17c987a4f7b29f982d129b2cf66ea75d.jpg 27,49,134,167,4 241,77,295,147,2 196,100,249,166,2 154,122,213,174,2 297,107,381,195,1 230,140,296,225,1 135,172,228,242,1 35,174,123,257,5 280,192,395,247,3 234,219,319,298,3 314,244,376,319,5 129,240,203,362,3 55,264,137,362,5 226,265,298,370,5 148,341,219,415,5 225,0,267,116,4 165,4,220,122,4 97,12,173,147,4
data/roda_pytorch_yolov4/train/opencv_frame_445_png.rf.2669edafe347eae9af85d80b299cddd7.jpg 175,43,245,152,5 207,201,261,293,5
data/roda_pytorch_yolov4/train/opencv_frame_446_png.rf.27a030cb7f6f584c159cac06349816a4.jpg 173,53,253,157,5 203,219,268,298,5
data/roda_pytorch_yolov4/train/opencv_frame_181_png.rf.16e8b46802dfef4a2fb954c0537ad9b9.jpg 240,87,290,146,2 127,70,203,166,5 60,95,128,166,2 272,116,386,200,1 198,132,253,194,3 28,160,178,233,1 258,201,402,254,3 183,206,243,278,5 107,217,182,291,5 23,250,114,316,4 295,251,375,350,3 218,270,280,377,5 142,307,204,415,1 219,0,267,88,4
data/roda_pytorch_yolov4/train/opencv_frame_313_png.rf.144a084a1019133d03caffad742b3105.jpg 8,104,82,193,1 266,130,335,185,1 115,157,194,223,1 306,165,416,235,3 206,172,256,232,4 83,192,145,266,2 266,233,324,304,3 312,250,383,335,5 182,256,235,329,5 117,263,182,364,0 85,282,126,349,2 261,0,313,72,0 94,9,177,81,0 43,28,110,107,4 308,12,415,124,3 183,37,227,114,4
data/roda_pytorch_yolov4/train/opencv_frame_430_png.rf.198cdc3afdcf055ebea420415d9c52bf.jpg 153,29,235,155,5 276,17,371,123,5
data/roda_pytorch_yolov4/train/opencv_frame_319_png.rf.291de5b466837111eac90956668acb3d.jpg 56,76,112,139,2 126,91,183,150,5 281,115,340,178,1 14,112,85,186,1 190,120,240,182,5 115,146,200,225,1 313,163,415,224,3 218,176,261,228,4 96,186,140,252,2 244,220,323,305,3 131,0,192,58,4 189,245,236,330,5 333,244,393,331,5 95,289,135,338,2 237,0,286,68,5 325,8,415,109,3 280,12,328,113,0 195,41,235,110,4
data/roda_pytorch_yolov4/train/opencv_frame_356_png.rf.295e2c6b8783645ea647c8ced47a5735.jpg 87,98,150,181,2 158,11,223,96,2
data/roda_pytorch_yolov4/train/opencv_frame_283_png.rf.1991ccf86bcb9bb09f93a204231a4beb.jpg 166,64,232,141,1 105,74,167,153,1 245,143,289,207,4 299,159,378,239,5 130,175,187,251,1 229,263,283,346,0 305,263,376,358,0 145,265,213,361,0 229,325,284,379,2 133,0,198,71,3 304,335,349,392,2 198,0,250,77,3 63,0,154,85,3 252,23,306,116,5
data/roda_pytorch_yolov4/train/opencv_frame_264_png.rf.29ec1ee1ea57ee9e192504a647798c2d.jpg 194,48,250,183,3 120,77,180,174,3 11,142,138,233,0 253,191,305,253,2 206,205,249,269,2 131,247,214,322,0 263,252,337,340,5 47,255,156,368,0 215,275,279,367,5 190,0,261,67,1 155,323,207,415,4 55,24,136,120,1
data/roda_pytorch_yolov4/train/opencv_frame_347_png.rf.2164cf83fef9fd2b8a4a02f559ce5678.jpg 187,58,230,140,2 233,124,283,177,2 306,129,367,202,2 161,151,219,221,2 219,191,267,265,2 78,213,143,293,2 298,225,358,292,2 157,230,200,304,2 287,24,331,109,2
data/roda_pytorch_yolov4/train/opencv_frame_421_png.rf.1784e73cc06b50cbb4d56c01a442b433.jpg 71,64,136,142,4 150,92,198,163,4 206,91,260,175,4 148,164,206,218,4 307,188,387,246,4 254,191,298,274,4 213,210,257,282,4 73,226,167,293,4 206,0,260,83,4 272,26,343,137,4
data/roda_pytorch_yolov4/train/opencv_frame_394_png.rf.33d1c209bb360760a9becee08325d229.jpg 273,29,415,150,0 45,147,172,233,0 200,203,288,312,0
data/roda_pytorch_yolov4/train/opencv_frame_286_png.rf.2effe02bbe1b879078e37f39b0b848bc.jpg 97,73,166,145,1 173,65,237,161,1 239,139,285,210,4 120,176,200,238,1 287,175,378,252,5 197,0,248,45,3 127,0,199,55,3 142,265,198,337,0 285,248,374,360,0 214,257,277,353,0 224,324,276,383,2 69,0,123,71,3 296,339,348,390,2 239,14,312,116,5
data/roda_pytorch_yolov4/train/opencv_frame_274_png.rf.2b9f6509d9156ec0bda305bb3a43613e.jpg 105,107,219,185,3 250,125,321,217,4 329,145,415,263,5 119,216,215,294,3 222,232,277,343,1 319,258,412,395,0 175,0,253,124,3 262,10,338,117,5
data/roda_pytorch_yolov4/train/opencv_frame_237_png.rf.18dfcb715a677790c0f7da381c2758ae.jpg 199,44,258,166,3 122,98,195,191,3 253,198,297,254,2 208,216,251,267,2 281,272,340,344,5 170,0,221,65,4 215,275,277,375,5 152,320,214,415,4 88,1,169,109,4
data/roda_pytorch_yolov4/train/opencv_frame_369_png.rf.028e37f9d9f42532901bbee5b2d686e0.jpg 138,16,218,177,1 318,74,415,190,1 231,162,294,255,1 88,207,161,277,1
data/roda_pytorch_yolov4/train/opencv_frame_268_png.rf.077a81d53774c466da3f089454ceb804.jpg 244,134,288,207,4
data/roda_pytorch_yolov4/train/opencv_frame_205_png.rf.32d2211db12dd52a5577530f29d00441.jpg 8,52,115,153,1 267,72,348,157,1 166,124,217,201,5 52,169,160,226,4 264,194,396,250,3 210,195,256,250,2 82,231,147,299,2 263,251,330,344,5 165,264,211,360,3 208,279,266,415,1 138,341,200,415,5 218,0,270,104,3 132,4,198,110,4
data/roda_pytorch_yolov4/train/opencv_frame_442_png.rf.36e91ea43b32e6c2b99dcb203ae27ec9.jpg 168,66,243,151,5 280,178,339,261,5 208,202,259,294,5 45,0,152,84,5
data/roda_pytorch_yolov4/train/opencv_frame_362_png.rf.34c6ff98f9d9647dde6e7afe90cea4a6.jpg 168,49,219,124,2 228,87,289,165,2 82,228,164,281,2 288,214,367,295,2 160,224,203,298,2 207,233,257,303,2
data/roda_pytorch_yolov4/train/opencv_frame_435_png.rf.35eadd4da952961c731bdc7f5ca6cc38.jpg 290,71,359,156,5 159,102,217,180,5 230,130,271,205,5 269,178,343,247,5 104,205,170,279,5 205,217,276,290,5 82,32,161,117,5
data/roda_pytorch_yolov4/train/opencv_frame_424_png.rf.3609468c89b578d99aea4184519a3db3.jpg 45,53,138,136,4 188,71,240,151,4 227,129,297,220,4 303,170,409,250,4 252,195,309,270,4 191,206,243,289,4 156,219,198,296,4 89,243,157,307,4 179,0,233,60,4 272,1,343,106,4
data/roda_pytorch_yolov4/train/opencv_frame_338_png.rf.29c373dc84859a2164e093def08010a4.jpg 101,50,180,168,3 219,83,293,179,3
data/roda_pytorch_yolov4/train/opencv_frame_199_png.rf.02c1c89743493a6fc4407132ccb8c84d.jpg 7,57,108,158,1 275,70,369,160,1 158,112,211,190,2 55,168,169,226,4 187,163,252,231,5 264,194,398,259,3 56,229,131,312,5 258,238,335,337,5 169,231,213,369,3 205,297,273,415,1 119,328,176,403,2 92,0,180,94,3 227,5,273,162,4
data/roda_pytorch_yolov4/train/opencv_frame_277_png.rf.1940bda30e299ff37359ee719b422bb9.jpg 128,98,223,186,3 273,119,337,205,4 356,147,416,240,5 144,223,228,292,3 228,240,286,342,1 344,244,416,374,0 270,318,318,395,2 167,322,240,401,0 337,341,395,411,2 182,0,256,91,3 278,0,358,103,5
data/roda_pytorch_yolov4/train/opencv_frame_321_png.rf.3d635570db701c4ce09f4b485c649f7d.jpg 79,77,153,142,4 263,114,338,195,1 196,127,245,186,4 49,146,106,197,5 109,150,197,201,1 318,166,415,228,3 184,199,239,258,5 81,199,132,263,2 244,221,320,297,3 91,253,162,291,1 174,254,236,320,5 327,237,392,342,5 22,278,76,353,0 227,1,281,63,5 131,297,170,354,2 82,306,124,364,2 350,14,415,74,3 282,6,332,101,0 188,37,230,106,4
data/roda_pytorch_yolov4/train/opencv_frame_279_png.rf.31017b7b47097018f17ee29ede840b4c.jpg 208,50,283,146,1 141,74,211,161,1 279,112,343,197,4 351,147,416,239,5 183,165,248,244,0 163,0,228,51,3 236,0,289,55,3 226,248,285,332,1 351,262,415,369,0 265,305,327,389,2 172,304,239,406,0 353,330,407,415,2 105,4,176,83,3 288,0,363,103,5
data/roda_pytorch_yolov4/train/opencv_frame_404_png.rf.35964000df61d49e436c12e3a3ec43a7.jpg 48,48,159,183,0 248,104,348,233,0 55,223,174,314,0 231,221,295,354,0 290,225,408,367,0 295,0,404,96,0 145,2,232,111,0
data/roda_pytorch_yolov4/train/opencv_frame_220_png.rf.3e0b09571508600ef9c9d77be913e913.jpg 261,51,337,160,1 37,71,118,155,3 166,103,225,161,2 165,155,220,226,1 231,187,284,244,2 294,184,397,255,3 271,252,328,329,5 133,0,204,94,4 216,3,273,98,5
data/roda_pytorch_yolov4/train/opencv_frame_210_png.rf.3da268dd184c235e99f6c8b97feb7089.jpg 36,45,152,151,4 267,65,350,150,1 160,131,219,202,5 1,159,118,233,1 215,193,263,256,2 265,196,403,254,3 90,242,154,300,2 257,251,333,336,5 168,242,213,357,3 205,304,280,415,1 140,352,203,412,5 128,3,200,104,4 225,0,270,128,3
data/roda_pytorch_yolov4/train/opencv_frame_380_png.rf.38bf30b2e2a21245ec33931310df8e2b.jpg 234,94,323,170,0 138,86,201,186,1 365,104,415,187,1 43,128,108,205,1 191,206,245,285,1 334,224,416,332,1 253,233,310,342,1 74,255,160,345,1 176,0,265,73,0 353,0,406,76,1
data/roda_pytorch_yolov4/train/opencv_frame_186_png.rf.3f6922a0c74c5ed3d5a0134b820c8e8d.jpg 130,55,179,159,3 168,61,222,166,2 6,58,121,169,1 56,177,175,224,4 273,188,393,257,3 181,205,238,271,4 40,228,130,302,5 251,251,329,335,5 111,284,182,403,1 201,307,274,415,1 81,385,158,415,5 227,28,271,130,3
data/roda_pytorch_yolov4/train/opencv_frame_188_png.rf.4023663afe2de6bc0a547919aad69b27.jpg 4,43,103,151,1 161,119,208,189,2 56,173,166,224,4 222,178,271,234,2 277,181,410,257,3 155,221,214,278,4 33,233,118,305,5 244,236,326,331,5 109,295,179,402,1 207,303,277,415,1 75,375,166,415,5 95,0,182,122,3 241,0,330,132,3
data/roda_pytorch_yolov4/train/opencv_frame_194_png.rf.53184d0f0c28def2a88031ffece31f1d.jpg 3,50,111,160,1 267,70,343,178,1 157,125,207,189,2 49,164,163,224,4 202,167,260,243,5 273,184,396,258,3 56,244,126,320,5 264,253,337,335,5 171,231,213,367,3 207,294,274,415,1 126,323,172,404,2 89,1,189,121,3 232,12,274,134,4
data/roda_pytorch_yolov4/train/opencv_frame_198_png.rf.4ca83f8afd13c539ac8d55cae75fddf8.jpg 3,54,107,159,1 273,65,346,167,1 156,115,210,183,2 50,169,173,227,4 204,162,261,239,5 266,185,398,252,3 46,224,126,318,5 250,237,336,336,5 171,238,213,363,3 205,282,264,415,1 120,318,174,406,2 93,0,177,102,3 219,18,277,135,4
data/roda_pytorch_yolov4/train/opencv_frame_206_png.rf.461543770bd3e4f57a538ac9b14b96b5.jpg 4,51,132,166,1 249,76,357,181,1 165,138,219,199,5 54,169,160,223,4 255,191,404,253,3 215,199,254,252,2 82,231,151,309,2 264,251,330,341,5 157,253,205,358,3 210,276,261,415,1 128,348,199,412,5 134,0,198,111,4 214,0,273,143,3
data/roda_pytorch_yolov4/train/opencv_frame_297_png.rf.4b7465a9025af9d575bdf823f7aaba5e.jpg 129,55,207,162,0 283,82,363,172,1 341,110,416,178,3 150,169,206,237,0 122,173,157,241,2 245,175,291,244,4 306,179,392,252,5 224,241,271,311,5 124,252,163,313,2 277,0,343,57,1 167,264,212,339,0 200,0,277,89,1 358,0,416,94,3
data/roda_pytorch_yolov4/train/opencv_frame_367_png.rf.4b541485a1b44b3b644f11f1d3e47035.jpg 244,68,294,136,2 147,89,209,154,2
data/roda_pytorch_yolov4/train/opencv_frame_400_png.rf.2cc0e0624980161acaf803ce6747b9aa.jpg 258,136,356,223,0 220,208,277,307,0 63,231,135,332,0 150,257,209,369,0 321,264,416,367,0 211,0,269,119,0 305,12,415,115,0
data/roda_pytorch_yolov4/train/opencv_frame_232_png.rf.4365bde2bbead3b0a356431a55254c84.jpg 190,64,234,155,2 252,68,352,169,1 4,94,134,200,3 163,145,215,203,2 267,179,402,250,3 155,220,220,287,4 261,237,321,335,5 196,274,269,356,5 77,3,172,119,1
data/roda_pytorch_yolov4/train/opencv_frame_318_png.rf.3af21ff9d6ecbcd4ec73613b7b26528e.jpg 118,50,172,142,5 54,62,106,141,2 7,108,76,178,1 174,113,229,178,5 255,114,326,184,1 103,143,181,213,1 202,162,254,218,4 317,147,416,235,3 80,183,154,262,2 253,206,320,306,3 171,225,237,311,5 121,0,183,57,4 315,243,379,313,5 76,266,128,338,2 109,267,177,352,0 226,1,272,71,5 353,1,409,87,3 279,6,320,106,0 184,35,225,127,4
data/roda_pytorch_yolov4/train/opencv_frame_342_png.rf.58e94dde5311f6c68c682790d6dd3357.jpg 182,64,238,147,2 166,160,207,216,2 215,198,278,270,2
data/roda_pytorch_yolov4/train/opencv_frame_392_png.rf.5ae68975d4e0a4be58ab8635881ed045.jpg 213,102,316,207,0 55,158,161,231,0 84,239,172,351,1 344,17,416,151,0
data/roda_pytorch_yolov4/train/opencv_frame_296_png.rf.4cc5df34f178a7ddb59aed60c2d228d6.jpg 108,48,201,144,0 303,80,362,152,1 371,114,415,177,3 149,168,197,231,0 112,171,159,237,2 245,184,293,235,4 299,171,391,250,5 225,241,277,310,5 122,263,166,315,2 156,261,201,337,0 283,0,330,61,1 191,0,265,84,1 362,0,416,88,3
data/roda_pytorch_yolov4/train/opencv_frame_294_png.rf.5f875e9af2cd0d574f8dafd7d986d1cd.jpg 138,54,206,164,0 280,74,365,170,1 353,116,415,173,3 145,171,219,232,0 236,177,293,232,4 304,172,378,247,5 118,186,159,235,2 218,241,271,316,5 120,254,161,315,2 150,252,217,323,0 268,0,348,67,1 359,2,416,84,3 205,0,265,114,1
data/roda_pytorch_yolov4/train/opencv_frame_437_png.rf.4ea1bb62f4891772bb3e7fecc018c56d.jpg 245,91,300,170,5 161,139,211,217,5 60,172,130,242,5 282,182,334,250,5 207,219,272,293,5 110,234,176,309,5 301,0,369,82,5 164,16,244,110,5
data/roda_pytorch_yolov4/train/opencv_frame_262_png.rf.472d52a66436405105c981c0cfdf064c.jpg 198,56,252,175,3 115,85,203,197,3 12,143,171,244,0 237,188,309,250,2 192,205,252,272,2 129,246,193,330,0 264,257,339,344,3 50,264,122,376,0 214,277,280,369,3 198,0,255,71,1 152,314,207,415,4 53,9,145,98,1
data/roda_pytorch_yolov4/train/opencv_frame_270_png.rf.5c7855968f10535d1beb6dcf3d4fcb0b.jpg 222,144,298,210,4 306,162,376,264,5 240,20,313,126,5
data/roda_pytorch_yolov4/train/opencv_frame_384_png.rf.5cb1c1e7e6ddd856bdfedc79cdb44c85.jpg 271,71,333,153,1 314,99,416,194,1 158,113,210,187,1 41,144,125,209,0 190,212,239,267,1 316,209,416,313,1 85,276,171,379,1 242,0,320,70,0 141,0,218,97,1
data/roda_pytorch_yolov4/train/opencv_frame_271_png.rf.43c594b5f6b0e830da0aa119d598f6bc.jpg 237,148,293,218,4 307,154,381,265,5 252,23,311,116,5
data/roda_pytorch_yolov4/train/opencv_frame_200_png.rf.4b00d4824099e5a5ff85ca7d53bb3cf8.jpg 6,55,125,158,1 250,72,355,166,1 141,110,211,184,2 55,172,167,229,4 202,183,252,236,5 257,194,410,256,3 66,240,126,312,5 253,247,327,348,5 160,234,218,373,3 209,277,271,415,1 120,322,177,393,2 95,0,178,106,3 225,22,274,151,4
data/roda_pytorch_yolov4/train/opencv_frame_190_png.rf.47450f1786e8a1095b90e789db375123.jpg 4,60,123,161,1 214,99,262,187,4 156,121,216,186,2 50,166,166,229,4 229,168,312,253,1 183,194,235,258,2 307,187,406,265,3 57,244,127,318,5 254,243,325,342,5 150,263,213,370,5 208,277,271,415,1 98,0,172,118,3 249,0,325,121,3
data/roda_pytorch_yolov4/train/opencv_frame_261_png.rf.6b3d8a40a25423b7f031127ea744aaef.jpg 193,56,248,186,3 124,87,196,183,3 13,134,115,237,0 250,194,299,251,2 208,203,242,273,2 139,229,200,337,0 261,256,335,343,5 193,0,262,61,1 228,275,276,381,5 42,288,133,375,0 157,334,217,415,4 57,6,121,119,1
data/roda_pytorch_yolov4/train/opencv_frame_256_png.rf.59f5b5ce7e38983019769f4830718a45.jpg 197,42,245,170,3 122,95,185,192,3 14,134,138,235,0 194,0,263,44,1 242,186,312,257,2 202,205,249,269,2 136,245,182,331,0 272,254,336,335,5 44,272,128,376,0 220,283,278,369,5 157,336,213,415,4 56,9,142,130,1
data/roda_pytorch_yolov4/train/opencv_frame_406_png.rf.69708ec653827ffa985b6be54c2a48af.jpg 296,108,415,198,0 136,172,229,277,0 63,237,172,320,0 223,212,313,350,0 310,244,416,370,0 211,0,309,68,0
data/roda_pytorch_yolov4/train/opencv_frame_161_png.rf.638644559c8e802f278aa0ff29db96b1.jpg 19,52,125,157,4 238,76,288,150,2 198,101,245,161,2 158,118,206,176,2 297,107,371,202,1 106,139,165,199,2 237,140,301,224,1 180,165,241,230,1 276,200,387,252,3 235,210,321,287,3 195,229,258,323,3 313,243,367,313,5 261,269,319,342,5 124,245,204,367,3 217,289,267,371,5 60,279,128,388,3 4,291,65,401,3 170,338,230,415,5 125,362,182,415,5 69,368,138,415,5 218,0,261,112,4 162,1,212,125,4 101,15,175,150,4
data/roda_pytorch_yolov4/train/opencv_frame_418_png.rf.54616a5fc72bdbfe4632d844cd9b014e.jpg 64,56,152,142,4 219,91,283,172,4 153,171,219,218,4 317,153,409,246,4 231,0,285,45,4 154,2,211,44,4 268,205,305,273,4 218,207,268,287,4 98,224,172,306,4 301,16,355,96,4
data/roda_pytorch_yolov4/train/opencv_frame_196_png.rf.6b4f9bc21de87211067fdf27779a9033.jpg 7,49,122,152,1 257,72,347,170,1 145,114,214,184,2 48,165,156,221,4 207,168,253,233,5 265,185,394,249,3 65,245,144,310,5 265,244,326,331,5 165,229,213,368,3 212,273,266,415,1 126,314,175,404,2 91,0,174,91,3 214,5,269,135,4
data/roda_pytorch_yolov4/train/opencv_frame_397_png.rf.6e7a26bafd1146c9eaeb3cb37720739f.jpg 236,33,302,152,0 60,159,188,239,0 212,215,279,327,0 279,2,349,72,0 141,0,225,101,0 44,12,150,146,0 353,32,416,131,0
data/roda_pytorch_yolov4/train/opencv_frame_441_png.rf.402bdd24065ac857d83e205d5d44f356.jpg 176,59,242,142,5 278,178,348,267,5 215,207,254,275,5 114,224,184,304,5 50,0,144,75,5
data/roda_pytorch_yolov4/train/opencv_frame_322_png.rf.64fb82349738102a1e16412a7803c6a4.jpg 80,82,149,148,4 261,121,337,188,1 192,131,250,191,4 44,129,107,199,5 112,147,186,215,1 319,167,416,222,3 180,191,237,257,5 312,0,359,45,0 82,208,125,266,2 248,214,322,295,3 93,251,173,298,1 312,239,389,325,5 184,257,231,312,5 8,289,88,344,0 131,298,186,353,2 85,304,126,366,2 226,8,278,78,5 339,8,414,112,3 270,10,328,113,0 186,34,236,131,4
data/roda_pytorch_yolov4/train/opencv_frame_439_png.rf.53be96d7c178ee6c204a3be4df849a89.jpg 244,93,312,180,5 78,165,171,225,5 269,179,329,269,5 205,211,262,281,5 114,213,193,294,5 313,0,376,67,5
data/roda_pytorch_yolov4/train/opencv_frame_209_png.rf.62e19f3eb73bb07093e76a03726adb60.jpg 29,50,128,154,4 267,71,353,161,1 154,122,220,204,5 4,155,148,235,1 214,198,264,247,2 255,194,403,258,3 81,233,149,299,2 250,250,334,338,5 157,237,215,364,3 205,277,270,415,1 123,350,205,414,5 125,0,206,128,4 220,0,269,129,3
data/roda_pytorch_yolov4/train/opencv_frame_233_png.rf.6f24e7519478520e350542db4b3e9298.jpg 189,52,245,157,3 117,98,185,175,3 258,177,307,247,2 207,207,240,266,2 273,266,334,330,5 168,0,227,62,1 215,277,276,363,5 70,0,166,70,1 166,291,208,415,4
data/roda_pytorch_yolov4/train/opencv_frame_328_png.rf.7a33fa18a10f780ac970dd11dc0041c3.jpg 290,59,361,158,3 58,114,164,193,3 161,170,230,247,3 305,204,416,314,3 200,2,263,126,3
data/roda_pytorch_yolov4/train/opencv_frame_390_png.rf.61c843ee04bc2862ee0181f68771a2fb.jpg 229,85,312,182,0 50,144,150,216,0 177,195,245,260,1 320,217,415,313,1 87,231,161,349,1
data/roda_pytorch_yolov4/train/opencv_frame_401_png.rf.8786131605dd6dbe1153f4ad68dbe809.jpg 249,151,361,211,0 219,208,275,313,0 60,221,149,331,0 153,257,220,360,0 316,252,410,367,0 296,0,415,122,0 222,0,273,132,0
data/roda_pytorch_yolov4/train/opencv_frame_340_png.rf.82e431efaed5e2909625e449a4296b04.jpg 281,58,342,140,2 185,67,232,144,2 207,186,267,272,2
data/roda_pytorch_yolov4/train/opencv_frame_306_png.rf.6fdc62dda3a6f98c9e6e5aa79f9e38ad.jpg 126,55,193,172,0 276,100,349,177,1 348,121,415,193,3 135,172,208,238,0 94,190,144,238,2 223,185,279,251,4 298,188,372,266,5 207,232,254,321,5 108,254,144,331,2 137,259,200,334,0 275,0,339,109,1 368,16,416,103,3 204,2,260,152,1
data/roda_pytorch_yolov4/train/opencv_frame_412_png.rf.82f2a7778792f14a5e450005e249dae4.jpg 160,43,244,188,0
data/roda_pytorch_yolov4/train/opencv_frame_366_png.rf.6bfdec5cb4b7a123c27958cfb6db90b2.jpg 241,68,295,150,2 155,74,211,157,2
data/roda_pytorch_yolov4/train/opencv_frame_413_png.rf.7bafecfb4cc882de251c15aa865e1e2b.jpg 277,52,350,161,4 147,153,217,223,4 179,10,245,122,4
data/roda_pytorch_yolov4/train/opencv_frame_291_png.rf.76da0684c009832ff4e71de5db6cfbf1.jpg 135,57,199,136,0 304,70,365,161,4 367,110,416,182,4 149,167,204,233,0 252,177,293,235,4 123,177,163,241,2 316,170,385,252,5 219,231,266,327,5 127,253,158,317,2 152,258,201,327,0 283,0,345,64,4 365,0,415,85,4 206,0,268,86,4
data/roda_pytorch_yolov4/train/opencv_frame_251_png.rf.644fff67eb45f679371a592e9821aafa.jpg 194,60,255,178,3 123,96,191,187,3 22,138,115,233,0 240,185,300,247,2 210,213,246,271,2 128,229,200,323,0 260,255,336,344,5 51,268,142,366,0 192,0,267,64,1 218,276,279,373,5 155,336,210,415,4 57,16,136,120,1
data/roda_pytorch_yolov4/train/opencv_frame_377_png.rf.68322d13114f37c832a7c572ed88e287.jpg 217,73,286,165,1 308,109,415,196,1 35,126,127,211,1 185,192,236,272,1 310,210,397,315,1 253,231,307,331,1 222,0,283,57,1 84,244,156,353,1 306,1,414,81,1
data/roda_pytorch_yolov4/train/opencv_frame_224_png.rf.8ad684636ec964c5845bb5823d9abf90.jpg 256,65,348,150,1 33,72,132,178,3 184,161,240,218,2 110,186,167,253,2 291,183,397,264,3 253,261,334,339,5 201,252,253,397,1 101,310,170,415,5 141,4,209,120,4
data/roda_pytorch_yolov4/train/opencv_frame_248_png.rf.8b01caef448b584b40a692a385bec09e.jpg 197,38,256,186,3 118,91,192,190,3 24,138,120,227,0 252,185,302,250,2 202,202,248,272,2 198,0,254,52,1 129,241,202,329,0 259,247,330,335,5 38,264,126,369,0 223,277,280,380,5 161,337,214,415,4 40,17,127,113,1
data/roda_pytorch_yolov4/train/opencv_frame_402_png.rf.5b19bcf4b7b6b081c53314cbdfb258c7.jpg 258,142,364,216,0 207,195,268,311,0 47,237,151,310,0 314,238,409,353,0 151,247,205,361,0 323,0,416,96,0 204,0,278,103,0
data/roda_pytorch_yolov4/train/opencv_frame_308_png.rf.6309aa0888854e7544337f39b6bd05fd.jpg 246,49,320,125,1 327,75,410,162,3 188,74,244,170,1 122,112,185,201,0 266,152,325,227,1 315,175,416,242,3 114,210,182,272,0 88,215,137,279,2 206,225,277,285,4 294,223,349,315,5 200,304,249,369,5 86,316,126,377,2 121,332,190,406,0 321,13,384,79,3
data/roda_pytorch_yolov4/train/opencv_frame_242_png.rf.87393ab0151f0d85571c423bed775ede.jpg 200,50,245,177,3 120,97,191,187,3 248,188,307,257,2 207,198,247,275,2 191,0,259,51,1 270,251,332,345,5 222,283,280,371,5 164,298,216,415,4 50,14,128,93,1
data/roda_pytorch_yolov4/train/opencv_frame_285_png.rf.8a07e91f18286978936ec54522c28387.jpg 178,61,225,153,1 96,76,177,161,1 242,148,280,205,4 302,167,358,242,5 113,181,199,239,1 194,0,248,47,3 148,256,202,330,0 221,245,279,348,0 302,257,364,360,0 72,0,144,64,3 135,0,192,67,3 232,321,276,384,2 295,338,343,393,2 248,35,304,121,5
data/roda_pytorch_yolov4/train/opencv_frame_272_png.rf.7e8a00f46593ef00763066d7d1b75ca0.jpg 255,136,300,203,4 115,143,215,214,3 315,158,393,256,5 150,0,231,77,3 248,24,319,111,5
data/roda_pytorch_yolov4/train/opencv_frame_403_png.rf.883b1caa20a8f8f6731788b1384f45a6.jpg 260,147,343,241,0 215,191,274,338,0 53,226,154,318,0 316,242,415,375,0 156,250,222,375,0 312,0,415,129,0 204,0,278,137,0
data/roda_pytorch_yolov4/train/opencv_frame_387_png.rf.837df8bf18d38059e8346500cda6bf04.jpg 244,82,308,178,0 156,107,224,184,1 44,148,159,223,0 174,194,233,268,1 325,215,415,319,1 75,267,154,351,1
data/roda_pytorch_yolov4/train/opencv_frame_416_png.rf.8ddf61c80286528201b92a41ab4e778c.jpg 60,77,142,168,4 158,151,226,218,4 266,206,328,290,4 208,1,266,106,4 290,17,359,140,4
data/roda_pytorch_yolov4/train/opencv_frame_355_png.rf.9379ab3f8f33bbd79d1ba3700d68bb42.jpg 72,97,146,166,2 280,108,337,178,2 200,144,256,215,2 300,208,347,284,2 92,204,150,294,2 154,219,204,304,2 210,251,249,324,2 247,248,297,328,2 153,18,225,87,2
data/roda_pytorch_yolov4/train/opencv_frame_378_png.rf.9742794b59407d7f1ee6eacd041fa7c6.jpg 220,77,297,172,1 310,98,415,191,1 36,117,139,218,1 198,0,289,46,1 183,191,242,298,1 328,211,411,323,1 249,222,309,314,1 67,255,167,344,1 312,0,416,87,1
data/roda_pytorch_yolov4/train/opencv_frame_373_png.rf.098ac4570ff3970adec18112aa8f5ab8.jpg 235,51,287,169,1 323,107,404,199,1 42,123,144,201,1 94,211,191,269,1 302,215,416,312,1 230,224,301,321,1
data/roda_pytorch_yolov4/train/opencv_frame_433_png.rf.a474a9f5783749d975f4eb400a811a77.jpg 210,206,265,304,5 93,219,163,295,5 280,10,355,119,5 85,24,147,137,5 153,26,215,138,5
data/roda_pytorch_yolov4/train/opencv_frame_339_png.rf.99f59c81c0d016f8dac834c6f8848af4.jpg 216,197,265,270,2
data/roda_pytorch_yolov4/train/opencv_frame_374_png.rf.a5f26d9f6d023f1bf9ab917ec96f8aae.jpg 240,70,296,173,1 330,103,416,190,1 25,127,158,195,1 107,195,196,279,1 296,205,404,300,1 241,225,309,344,1
data/roda_pytorch_yolov4/train/opencv_frame_208_png.rf.8a72202896d88a3c0ff835a51b833a08.jpg 27,47,133,159,4 265,71,349,157,1 169,134,228,198,5 8,157,149,238,1 265,182,400,256,3 213,195,263,254,2 72,248,153,301,2 153,240,213,353,3 265,253,333,343,5 216,282,266,415,1 139,352,207,413,5 215,0,274,129,3 129,9,203,127,4
data/roda_pytorch_yolov4/train/opencv_frame_388_png.rf.a29093a4c7e7be3b219b13cee3d6a28a.jpg 239,100,329,172,0 33,140,143,214,0 182,206,251,285,1 321,219,415,318,1 85,272,157,347,1
data/roda_pytorch_yolov4/train/opencv_frame_410_png.rf.a98bbbd91622aef27f491364860d49dd.jpg 67,233,190,320,0 290,211,411,351,0 235,218,299,355,0
data/roda_pytorch_yolov4/train/opencv_frame_263_png.rf.a77cad84621b11b87cd6eae122c89bb0.jpg 195,49,245,187,3 120,88,184,190,3 10,139,152,241,0 249,187,302,258,2 208,207,254,277,2 197,0,269,52,1 135,230,202,328,0 271,258,335,354,5 45,264,134,374,0 220,285,283,367,5 151,321,213,415,4 50,8,133,123,1
data/roda_pytorch_yolov4/train/opencv_frame_363_png.rf.a84db3d5d742f5c8407d00fd788759c9.jpg 93,205,142,280,2 287,212,352,296,2 207,217,244,301,2 169,226,209,294,2
data/roda_pytorch_yolov4/train/opencv_frame_235_png.rf.a4aa82712629eb1c26cc844f65e4809a.jpg 191,48,249,164,4 111,92,191,184,4 250,192,297,252,2 149,0,225,48,1 197,199,246,270,2 258,249,334,335,5 222,279,276,369,5 146,282,209,415,4 85,0,152,94,1
data/roda_pytorch_yolov4/train/opencv_frame_259_png.rf.8d9cee9aa3f081c7a36603fd096203ba.jpg 193,51,259,161,3 123,89,194,184,3 11,132,127,237,0 250,189,299,247,2 205,205,250,271,2 138,236,200,330,0 191,0,272,57,1 271,250,329,335,5 57,264,145,384,0 217,278,279,378,5 162,322,207,415,4 57,8,134,132,1
data/roda_pytorch_yolov4/train/opencv_frame_214_png.rf.a95fc9d6725a91f2c400aff1671255de.jpg 265,74,358,164,1 170,125,220,201,5 5,156,126,243,1 267,187,403,252,3 219,197,265,259,2 87,233,152,307,2 267,262,325,322,5 157,251,205,356,3 204,308,276,415,1 128,350,203,415,5 129,0,205,101,4 222,0,272,124,3 24,47,113,122,4
data/roda_pytorch_yolov4/train/opencv_frame_240_png.rf.9bb42dc5106fe7574b139448e0c7ac2d.jpg 201,47,247,178,3 124,88,182,180,3 246,188,297,257,2 201,208,247,282,2 183,0,262,56,1 272,257,338,339,5 221,284,285,370,5 152,304,218,415,4 54,16,119,124,1
data/roda_pytorch_yolov4/train/opencv_frame_331_png.rf.ad5b675efb00805fdf0175ea382291c1.jpg 8,116,160,196,3 59,0,174,103,3 260,0,335,146,3 198,9,252,155,3
data/roda_pytorch_yolov4/train/opencv_frame_358_png.rf.b5ef3c45500d8c2dbfc2700c3ba031c4.jpg 206,64,258,130,2 277,53,354,150,2 156,115,221,194,2 82,224,146,288,2 294,203,351,315,2 211,248,255,307,2 79,39,154,100,2
data/roda_pytorch_yolov4/train/opencv_frame_258_png.rf.ae921c5860fb09bae3bbd51f9b802657.jpg 200,48,254,183,3 119,89,197,206,3 10,143,122,225,0 253,192,309,247,2 208,207,251,268,2 189,0,259,54,1 129,225,203,326,0 273,253,335,335,5 211,273,289,368,5 47,272,130,382,0 156,316,218,415,4 50,11,124,109,1
data/roda_pytorch_yolov4/train/opencv_frame_334_png.rf.b7dfde648672561c6bda35a87a6a7fd9.jpg 88,27,232,184,3 226,210,297,368,3 249,0,317,151,3
data/roda_pytorch_yolov4/train/opencv_frame_431_png.rf.895d6ab2ccbf2ff6e5461aca7c6b59c0.jpg 157,17,219,118,5 282,24,371,132,5
data/roda_pytorch_yolov4/train/opencv_frame_185_png.rf.9acec34b410f4f98710073a1ea8e85e6.jpg 170,58,216,154,2 5,55,115,158,1 214,40,269,182,3 120,54,184,170,3 57,165,176,224,4 185,184,248,247,1 253,185,394,255,3 117,224,182,291,5 205,251,250,344,4 257,252,335,346,5 149,288,207,364,5 37,313,131,415,1
data/roda_pytorch_yolov4/train/opencv_frame_175_png.rf.b1c993da9dcb81234381961f520d8695.jpg 233,85,296,154,2 285,102,374,193,1 120,127,174,186,2 222,146,298,215,1 15,137,139,227,4 150,168,211,242,1 290,197,395,255,3 230,210,318,300,3 312,242,369,321,5 135,258,188,372,3 228,275,309,368,5 55,275,127,369,5 150,342,217,415,5 222,1,262,118,4 104,21,199,151,5
data/roda_pytorch_yolov4/train/opencv_frame_386_png.rf.97e74e78451e00a677ebef43cd485499.jpg 237,81,306,180,0 326,107,412,176,1 158,110,220,191,1 48,155,156,225,0 185,193,249,274,1 325,209,406,313,1 56,246,166,325,1
data/roda_pytorch_yolov4/train/opencv_frame_293_png.rf.b95d2dc63b46bd2c826a8ee48aeaeb05.jpg 127,49,191,142,0 284,74,362,155,1 352,109,415,185,3 115,163,163,245,2 146,171,209,237,0 247,170,293,240,4 317,170,384,247,5 216,235,268,314,5 133,253,165,316,2 148,251,215,318,0 279,0,340,65,1 359,0,415,96,3 207,3,267,106,1
data/roda_pytorch_yolov4/train/opencv_frame_354_png.rf.b8b0ec95a425b93800b81fed90f3a1f9.jpg 196,47,246,128,2 288,103,340,192,2 86,114,150,182,2 126,188,188,231,2 225,179,274,243,2 295,213,354,285,2 78,228,133,283,2 152,240,200,300,2 211,247,252,327,2 115,28,166,96,2 260,48,308,114,2
data/roda_pytorch_yolov4/train/opencv_frame_317_png.rf.be3b805447226fb1e676b9d49efd84c0.jpg 44,67,96,129,2 111,63,177,138,5 0,94,68,173,1 182,108,231,181,5 270,114,335,176,1 103,145,174,205,1 313,158,415,222,3 206,167,254,215,4 125,0,181,40,4 84,181,137,247,2 232,202,319,294,3 317,228,374,320,5 184,245,226,320,5 84,273,123,329,2 115,270,168,347,0 226,2,281,62,5 335,0,415,79,3 263,6,323,77,0 176,37,227,105,4
data/roda_pytorch_yolov4/train/opencv_frame_337_png.rf.91381a0bc021a7df2c1ad1eb77f338c2.jpg 34,217,173,307,3
data/roda_pytorch_yolov4/train/opencv_frame_350_png.rf.ba3347d2a64545098e636b926265b058.jpg 265,66,319,147,2 306,120,352,192,2 82,137,132,204,2 154,153,198,223,2 228,178,274,231,2 203,224,244,277,2 292,221,362,289,2 91,230,138,288,2 153,235,198,295,2 245,250,295,319,2 210,268,251,332,2 67,30,128,90,2 200,31,247,106,2
data/roda_pytorch_yolov4/train/opencv_frame_267_png.rf.c03085c53ec8a8b0cc6951ef064567e5.jpg 229,137,286,203,4
data/roda_pytorch_yolov4/train/opencv_frame_223_png.rf.c532a6cb8cd02c59fce1596a0f7a0495.jpg 275,57,349,152,1 38,75,131,172,3 191,155,243,239,2 273,186,400,248,3 97,186,159,261,2 257,244,326,340,5 194,242,256,393,1 106,314,170,415,5 131,0,196,77,4
data/roda_pytorch_yolov4/train/opencv_frame_415_png.rf.c42ed2fa94237fb008c57a48e36c8571.jpg 278,57,360,144,4 156,158,224,235,4 197,11,252,152,4
data/roda_pytorch_yolov4/train/opencv_frame_398_png.rf.cd62a4b4be3f581aa6348ce43c5ee03b.jpg 238,42,294,172,0 61,162,163,233,0 221,212,276,311,0 273,0,354,60,0 143,0,220,82,0 323,24,416,121,0 58,16,147,133,0
data/roda_pytorch_yolov4/train/opencv_frame_245_png.rf.c22f9984fca4bbd047e8cdc7d8e6f696.jpg 202,48,248,170,3 115,89,191,187,3 253,187,297,255,2 194,0,255,46,1 202,206,248,274,2 277,259,342,337,5 211,282,286,380,5 146,316,213,415,4 37,11,137,125,1
data/roda_pytorch_yolov4/train/opencv_frame_192_png.rf.d2224a6b3aaf0922fa0d8bb7281be366.jpg 4,56,123,155,1 213,103,265,199,4 152,119,214,194,2 45,159,155,225,4 228,192,282,256,5 286,202,416,260,3 54,233,134,321,5 133,235,210,328,1 258,251,334,335,5 209,287,262,415,1 126,335,178,403,2 256,0,324,109,3 96,0,183,116,3
data/roda_pytorch_yolov4/train/opencv_frame_157_png.rf.ceff03f80f020e9f7e153636c82b9d3c.jpg 28,51,139,162,4 241,78,289,150,2 200,95,241,165,2 156,114,207,190,2 285,112,374,199,1 110,135,170,200,2 234,141,297,224,1 182,168,241,235,1 282,186,393,248,3 237,213,320,291,3 196,230,254,330,3 307,242,372,322,5 127,240,201,373,3 258,272,323,345,5 61,254,134,400,3 8,300,66,405,3 222,0,266,121,4 164,0,218,137,4 102,12,176,147,4
data/roda_pytorch_yolov4/train/opencv_frame_156_png.rf.ba535f9cb8883a81111a950e5f9d027b.jpg 26,51,139,163,4 240,72,288,144,2 200,97,245,165,2 155,114,207,179,2 292,109,367,188,1 100,139,164,200,2 235,133,300,213,1 185,171,243,231,1 294,197,392,252,3 239,213,315,288,3 308,247,368,310,5 196,234,253,328,3 260,273,324,348,5 128,262,191,367,3 64,304,126,396,3 13,324,63,410,3 223,2,272,87,4 161,0,215,116,4 93,17,163,122,4
data/roda_pytorch_yolov4/train/opencv_frame_281_png.rf.d1a94aba23ce7f44070403d15637e1b8.jpg 222,62,277,171,1 159,87,209,170,1 286,120,350,197,4 347,147,415,234,5 165,175,250,234,1 188,254,256,323,0 236,0,293,60,3 169,0,227,61,3 265,261,332,363,0 338,251,415,387,0 267,327,330,400,2 367,342,416,415,2 106,4,187,75,3 296,0,350,109,5
data/roda_pytorch_yolov4/train/opencv_frame_247_png.rf.d29da9dd1a224afcbe6d6ceed0d07b94.jpg 198,45,252,166,3 120,84,178,179,3 12,136,121,231,0 247,191,291,242,2 211,204,251,267,2 200,0,256,55,1 137,228,195,333,0 270,252,338,343,5 58,253,139,370,0 226,280,278,374,5 159,336,205,415,4 58,15,144,94,1
data/roda_pytorch_yolov4/train/opencv_frame_425_png.rf.c5bba1ac40847cec6ca108e263cf94bd.jpg 196,50,245,158,4 156,59,205,164,4 74,120,170,205,4 301,174,404,253,4 253,200,315,283,4 97,228,190,325,4 181,0,234,66,4 258,0,310,89,4 304,20,390,133,4 27,32,131,122,4
data/roda_pytorch_yolov4/train/opencv_frame_440_png.rf.c2bd6530e0abd958382bdba424a7f1e6.jpg 238,99,309,178,5 68,174,176,231,5 282,177,336,263,5 215,210,259,284,5 111,220,198,290,5 295,0,384,89,5
data/roda_pytorch_yolov4/train/opencv_frame_419_png.rf.b22495630b30fbf14fd9597ad67da38a.jpg 76,60,167,143,4 226,84,275,166,4 161,164,219,226,4 341,189,411,252,4 278,202,319,282,4 227,212,269,287,4 90,244,204,328,4 148,0,214,63,4 235,0,289,72,4 310,4,365,114,4
data/roda_pytorch_yolov4/train/opencv_frame_408_png.rf.d3f106210a6f82fa681056af9f12314c.jpg 57,212,189,308,0 271,194,404,364,0 230,219,300,349,0 242,0,310,96,0
data/roda_pytorch_yolov4/train/opencv_frame_253_png.rf.b74e9a387674d17e48bc2489852d912e.jpg 187,44,252,163,3 123,79,178,172,3 17,137,145,234,0 252,184,302,249,2 205,195,244,276,2 195,0,265,56,1 134,241,202,331,0 274,262,336,341,5 222,272,272,366,5 33,282,137,374,0 155,329,210,415,4 63,19,132,114,1
data/roda_pytorch_yolov4/train/opencv_frame_324_png.rf.d5d636d53f410688f36269eb7b6317e4.jpg 293,198,413,320,3 232,218,305,336,3 10,265,157,337,3 300,0,369,96,3 30,4,136,139,3
data/roda_pytorch_yolov4/train/opencv_frame_353_png.rf.e1ff3ad141b08482dbecfd086ae7c5a6.jpg 287,111,339,179,2 89,116,141,180,2 213,142,264,200,2 124,180,187,246,2 232,187,281,252,2 88,218,138,284,2 302,215,357,290,2 147,246,201,309,2 212,233,252,330,2 123,35,180,101,2 266,45,307,109,2 195,43,254,111,2
data/roda_pytorch_yolov4/train/opencv_frame_326_png.rf.a64266854f2698e4eb9746d8a8b79451.jpg 283,68,372,167,3 62,88,154,178,3 171,201,228,264,3 242,224,323,337,3 20,238,161,337,3 201,0,253,95,3
data/roda_pytorch_yolov4/train/opencv_frame_265_png.rf.d6517807f404d5d9961aeff27da61299.jpg 205,44,252,165,3 122,87,187,191,3 8,133,131,234,0 251,190,294,250,2 209,203,250,273,2 133,228,196,333,0 275,259,339,334,5 38,264,129,372,0 225,285,282,367,5 150,329,213,415,4 60,15,146,144,1
data/roda_pytorch_yolov4/train/opencv_frame_315_png.rf.ddae0e20fb8b8c858c04cc3277f21725.jpg 178,113,230,168,5 263,102,337,185,1 1,110,77,194,1 110,139,179,218,1 335,155,415,214,3 208,173,255,221,4 76,188,135,244,2 254,216,319,308,3 316,233,380,330,5 183,238,239,330,5 288,0,353,59,0 112,262,164,352,0 212,0,268,76,5 171,0,224,83,4 86,0,167,91,0 338,3,408,92,3 31,13,96,101,4
data/roda_pytorch_yolov4/train/opencv_frame_257_png.rf.de27a7394dcd94db1699ea82c19050b1.jpg 192,50,248,165,3 119,88,187,179,3 0,137,111,224,0 191,0,264,44,1 249,185,303,250,2 205,215,251,269,2 270,258,338,337,5 223,283,274,366,5 44,288,135,378,0 157,332,217,415,4 52,12,133,130,1
data/roda_pytorch_yolov4/train/opencv_frame_332_png.rf.d41cea498794ebe5dad3a8c6e87dbe19.jpg 282,163,415,228,3 29,211,187,315,3 223,222,289,354,3 57,0,165,111,3 264,0,329,129,3
data/roda_pytorch_yolov4/train/opencv_frame_432_png.rf.e1cf8a4f845e4b7218166afa72fee10d.jpg 90,220,166,281,5 208,220,265,297,5 297,27,364,126,5 154,42,221,124,5
data/roda_pytorch_yolov4/train/opencv_frame_211_png.rf.dc35a8f8ab533b9d0f9bf11286474dfb.jpg 274,58,350,147,1 156,135,217,200,5 4,152,152,238,1 217,191,261,255,2 261,187,390,261,3 82,235,136,305,2 262,256,333,332,5 159,251,211,363,3 207,282,276,415,1 141,348,199,415,5 142,1,202,126,4 220,0,264,135,3 29,32,114,137,4
data/roda_pytorch_yolov4/train/opencv_frame_182_png.rf.e64a17664e2a1f2f8ca4d89bb9329aaf.jpg 131,66,198,165,5 230,85,286,147,2 53,101,123,161,2 261,114,375,195,1 200,130,249,205,3 28,158,176,227,1 223,180,291,252,3 288,189,395,252,3 108,219,173,290,5 16,242,112,308,4 248,252,330,342,5 140,275,209,367,5 38,311,140,415,1 216,0,266,88,4
data/roda_pytorch_yolov4/train/opencv_frame_438_png.rf.cfa6d11ca9dc63a40b06fd62926e73e7.jpg 106,50,174,136,5 252,99,302,165,5 62,171,135,235,5 275,174,324,248,5 213,219,267,289,5 106,223,180,302,5 187,2,252,94,5
data/roda_pytorch_yolov4/train/opencv_frame_345_png.rf.bcd8a2ccc5604eabd4925a212b78f00f.jpg 187,63,235,126,2 236,117,281,180,2 302,126,356,198,2 164,161,221,225,2 220,206,267,264,2 291,218,355,288,2 146,242,194,307,2
data/roda_pytorch_yolov4/train/opencv_frame_364_png.rf.d8442e59e4dfc7e9f1918b2d80f663e2.jpg 298,205,358,292,2 85,222,144,276,2 176,225,203,301,2 203,231,255,305,2
data/roda_pytorch_yolov4/train/opencv_frame_391_png.rf.c06abdf462dbfbca74e498c057437f04.jpg 257,93,322,198,0 40,155,199,245,0 304,208,410,306,1 83,253,195,372,1 357,29,416,128,0
data/roda_pytorch_yolov4/train/opencv_frame_314_png.rf.7bf172dd8141bfe935333414643259e0.jpg 176,102,232,181,5 8,104,90,185,1 257,114,330,193,1 209,166,245,211,4 113,155,196,225,1 327,163,415,224,3 77,192,136,246,2 243,218,314,305,3 327,232,379,322,5 188,252,227,331,5 83,281,124,333,2 114,268,168,373,0 178,1,220,76,4 90,0,163,97,0 221,0,264,99,5 42,19,99,95,4 326,11,415,103,3
data/roda_pytorch_yolov4/train/opencv_frame_330_png.rf.d75057f6ccba6badf45cc130706cf64c.jpg 297,54,368,162,3 158,175,226,230,3 286,202,415,329,3 193,0,254,109,3 75,0,187,119,3
data/roda_pytorch_yolov4/train/opencv_frame_203_png.rf.e9220bc473dd690e80e0981aca23b45d.jpg 5,51,100,161,1 258,63,339,168,1 154,116,208,180,2 49,165,151,230,4 195,177,259,235,5 268,189,389,261,3 94,233,152,297,2 265,259,328,330,5 168,237,204,362,3 208,271,265,415,1 137,346,195,413,5 83,0,174,101,3 230,21,274,114,4
data/roda_pytorch_yolov4/train/opencv_frame_215_png.rf.e9a38c8df8ba6c2db379a6713b7ee476.jpg 30,56,125,141,4 247,65,342,166,1 162,101,227,169,2 8,153,137,228,3 155,158,229,228,1 232,186,282,252,2 285,195,402,257,3 257,248,332,329,5 156,245,215,367,3 211,305,276,415,1 124,322,204,415,5 143,4,201,103,4 215,13,292,94,5
data/roda_pytorch_yolov4/train/opencv_frame_178_png.rf.f1d1c0c2aceeb7c6d81c963df425a19c.jpg 130,72,197,168,5 49,89,125,161,2 240,83,284,168,2 283,105,377,187,1 200,132,250,207,3 18,153,176,241,1 260,191,399,262,3 180,205,245,278,5 109,219,171,298,5 12,252,118,317,4 254,233,384,335,3 221,270,286,359,5 137,324,204,415,1 220,0,264,123,4
data/roda_pytorch_yolov4/train/opencv_frame_382_png.rf.eac8a907d8d6baabe238a04ca4ecefef.jpg 259,64,328,161,1 335,95,414,180,1 150,117,209,187,1 48,151,148,224,0 176,196,241,274,1 306,203,402,321,1 70,279,149,334,1 238,0,308,69,0 138,0,226,73,1
data/roda_pytorch_yolov4/train/opencv_frame_395_png.rf.ee6282697d9583e21b93f7ceece8b2c4.jpg 310,22,416,153,0 232,46,305,171,0 44,151,182,240,0 212,203,281,311,0 121,0,215,64,0
data/roda_pytorch_yolov4/train/opencv_frame_329_png.rf.e7ada38beed4f8e1befcb58b5743bc57.jpg 272,77,378,175,3 48,106,148,184,3 164,171,231,236,3 59,4,163,99,3 193,0,257,116,3
data/roda_pytorch_yolov4/train/opencv_frame_243_png.rf.fb21e93765f11e1defeca2a90cf85c2a.jpg 203,45,258,163,3 115,93,191,178,3 255,193,298,257,2 206,213,253,272,2 279,270,335,338,5 222,279,276,356,5 182,0,261,69,1 152,315,201,415,4 32,9,147,104,1
data/roda_pytorch_yolov4/train/opencv_frame_447_png.rf.f9d4504e6bf44a48636a5204d9a006eb.jpg 200,201,257,286,5
data/roda_pytorch_yolov4/train/opencv_frame_195_png.rf.e8dec0d47e90eba5c49f7663a7ed58d6.jpg 7,49,111,163,1 266,65,342,164,1 157,114,209,185,2 48,155,162,226,4 205,170,252,238,5 261,187,408,258,3 50,232,150,313,5 167,220,214,364,3 265,252,330,336,5 208,274,274,415,1 115,325,176,401,2 93,0,187,106,3 228,9,271,164,4
data/roda_pytorch_yolov4/train/opencv_frame_311_png.rf.d517f36408df2e2460024493b3ae4d52.jpg 192,126,249,189,3 15,127,102,208,1 267,140,348,216,1 124,173,184,230,1 333,161,415,245,3 92,217,154,261,2 226,213,281,279,4 314,263,392,333,5 186,264,257,365,5 98,295,132,362,2 121,279,181,391,0 174,0,242,89,0 260,0,311,89,0 335,31,415,122,3
data/roda_pytorch_yolov4/train/opencv_frame_179_png.rf.f0617d814c16719226778813b2a22a55.jpg 132,70,203,166,5 241,88,284,158,2 42,98,137,162,2 289,96,382,194,1 204,126,247,206,3 21,145,127,230,1 261,186,405,263,3 191,202,242,284,5 112,222,180,295,5 253,238,377,333,3 14,252,117,323,4 222,277,292,368,5 122,319,203,415,1 213,0,281,102,4
data/roda_pytorch_yolov4/train/opencv_frame_376_png.rf.fd75236734aa2572166245023cac782c.jpg 235,55,288,189,1 147,57,221,189,1 308,101,415,195,1 31,130,136,197,1 90,210,190,273,1 302,209,393,334,1 230,215,305,342,1 279,0,359,75,1 42,0,143,95,1
data/roda_pytorch_yolov4/train/opencv_frame_219_png.rf.fd5fac18aa89959b75c8cab0d5a0e6de.jpg 267,71,360,161,1 159,105,210,162,2 160,157,223,225,1 12,150,157,236,3 232,187,272,239,2 294,178,393,257,3 256,254,328,336,5 144,237,211,372,3 208,290,269,415,1 219,0,273,104,5 133,5,204,103,4
data/roda_pytorch_yolov4/train/opencv_frame_202_png.rf.d8a39c9e0f94b3c9da4aa2724288c3cc.jpg 10,55,104,158,1 253,72,357,165,1 158,117,212,180,2 45,160,165,224,4 199,174,255,233,5 269,192,399,249,3 85,235,161,293,2 252,240,325,324,5 159,244,207,362,3 211,269,271,415,1 127,339,194,415,5 89,0,178,119,3 229,24,268,145,4
data/roda_pytorch_yolov4/train/opencv_frame_236_png.rf.d7dd799bdd79d44f9a345506fa2b0b5f.jpg 203,38,257,165,3 112,88,192,180,3 246,186,301,245,2 159,0,219,44,1 203,205,246,265,2 261,246,337,330,5 218,271,281,367,5 141,324,208,415,4 61,0,168,90,1
data/roda_pytorch_yolov4/train/opencv_frame_335_png.rf.f1e758266ee1d5f41f149743a33f93fd.jpg 90,10,237,204,3 275,155,415,238,3 221,238,300,363,3 251,0,334,137,3
data/roda_pytorch_yolov4/train/opencv_frame_290_png.rf.f8906b0a83effbf99b69f4b40bf3318f.jpg 131,51,197,154,0 284,79,358,163,1 337,115,415,174,3 140,165,207,241,0 111,177,162,235,2 232,173,288,242,4 303,173,389,259,5 214,239,274,317,5 152,243,213,327,0 117,257,164,319,2 283,0,332,77,1 355,2,415,105,3 201,0,262,119,1
data/roda_pytorch_yolov4/train/opencv_frame_158_png.rf.f8355c09fb48faad3342547d01fd41dc.jpg 23,42,133,176,4 238,72,287,152,2 200,100,241,172,2 160,117,212,184,2 288,102,364,207,1 100,136,170,205,2 231,139,298,227,1 184,166,245,240,1 273,182,394,266,3 237,205,311,297,3 192,234,255,326,3 311,248,368,328,5 128,234,204,383,3 252,272,329,353,5 59,295,128,400,3 11,314,61,406,3 222,0,258,120,4 163,2,220,127,4 89,14,177,147,4
data/roda_pytorch_yolov4/train/opencv_frame_336_png.rf.fb9ad8b45623bb49d4753e73cd7480ec.jpg 157,96,211,186,3 283,164,415,243,3 223,228,291,354,3
data/roda_pytorch_yolov4/train/opencv_frame_341_png.rf.ffd4b2d3ab225b515cfa0ccd8fc7039c.jpg 189,60,260,144,2 165,160,212,226,2 215,204,271,261,2
data/roda_pytorch_yolov4/train/opencv_frame_230_png.rf.d67d387863d811bd243ae05be5844915.jpg 196,44,243,151,2 262,54,352,172,1 5,92,137,197,3 269,188,402,255,3 160,222,216,279,4 260,247,325,340,5 217,269,272,370,5 79,0,176,116,1